0.11115 1
0.138381 2
0.140461 3
0.165612 4
0.167692 5
0.169772 6
0.171852 7
0.178316 8
0.178399 9
0.178699 10
0.178782 11
0.180396 12
0.180779 13
0.180979 14
0.182011 15
0.183059 16
0.184091 17
0.185139 18
0.186171 19
0.192843 20
0.194923 21
0.197003 22
0.199083 23
0.201163 24
0.203243 25
0.205323 26
0.207403 27
0.220074 28
0.222154 29
0.224234 30
0.226314 31
0.228394 32
0.230474 33
0.232554 34
0.234634 35
0.236714 36
0.238794 37
0.240874 38
0.242954 39
0.245034 40
0.247114 41
0.249194 42
0.251274 43
0.253354 44
0.255434 45
0.257514 46
0.259594 47
0.261674 48
0.263754 49
0.265834 50
0.267914 51
0.269994 52
0.272074 53
0.274154 54
0.276234 55
0.278314 56
0.280394 57
0.282474 58
0.284554 59
0.286634 60
0.288714 61
0.290794 62
0.292874 63
0.294954 64
0.297034 65
0.299114 66
0.301194 67
0.303274 68
0.305354 69
0.307434 70
0.309514 71
0.311594 72
0.313674 73
0.315754 74
0.317834 75
0.319914 76
0.321994 77
0.324074 78
0.326154 79
0.328234 80
0.330314 81
0.332394 82
0.334474 83
0.336554 84
0.338634 85
0.340714 86
0.342794 87
0.344874 88
0.346954 89
0.349034 90
0.351114 91
0.353194 92
0.355274 93
0.357354 94
0.359434 95
0.361514 96
0.363594 97
0.365674 98
0.367754 99
0.369834 100
0.371914 101
0.373994 102
0.376074 103
0.378154 104
0.380234 105
0.382314 106
0.384394 107
0.386474 108
0.388554 109
0.390634 110
0.392714 111
0.394794 112
0.396874 113
0.398954 114
0.401034 115
0.403114 116
0.405194 117
0.407274 118
0.409354 119
0.411434 120
0.413514 121
0.415594 122
0.417674 123
0.419754 124
0.421834 125
0.423914 126
0.425994 127
0.428074 128
0.430154 129
0.432234 130
0.434314 131
0.436394 132
0.438474 133
0.440554 134
0.442634 135
0.444714 136
0.446794 137
0.448874 138
0.450954 139
0.453034 140
0.455114 141
0.457194 142
0.459274 143
0.461354 144
0.463434 145
0.465514 146
0.467594 147
0.469674 148
0.471754 149
0.473834 150
0.475914 151
0.477994 152
0.480074 153
0.482154 154
0.484234 155
0.486314 156
0.488394 157
0.490474 158
0.492554 159
0.494634 160
0.496714 161
0.498794 162
0.500874 163
0.502954 164
0.505034 165
0.507114 166
0.509194 167
0.511274 168
0.513354 169
0.515434 170
0.517514 171
0.519594 172
0.521674 173
0.523754 174
0.525834 175
0.527914 176
0.529994 177
0.532074 178
0.534154 179
0.536234 180
0.538314 181
0.540394 182
0.542474 183
0.544554 184
0.546634 185
0.548714 186
0.550794 187
0.552874 188
0.554954 189
0.557034 190
0.559114 191
0.561194 192
0.563274 193
0.565354 194
0.567434 195
0.569514 196
0.571594 197
0.573674 198
0.575754 199
0.577834 200
0.579914 201
0.581994 202
0.584074 203
0.586154 204
0.588234 205
0.590314 206
0.592394 207
0.594474 208
0.596554 209
0.598634 210
0.600714 211
0.602794 212
0.604874 213
0.606954 214
0.609034 215
0.611114 216
0.613194 217
0.615274 218
0.617354 219
0.619434 220
0.621514 221
0.623594 222
0.625674 223
0.627754 224
0.629834 225
0.631914 226
0.633994 227
0.636074 228
0.638154 229
0.640234 230
0.642314 231
0.644394 232
0.646474 233
0.648554 234
0.650634 235
0.652714 236
0.654794 237
0.656874 238
0.658954 239
0.661034 240
0.663114 241
0.665194 242
0.667274 243
0.669354 244
0.671434 245
0.673514 246
0.675594 247
0.677674 248
0.679754 249
0.681834 250
0.683914 251
0.685994 252
0.688074 253
0.690154 254
0.692234 255
0.694314 256
0.696394 257
0.698474 258
0.700554 259
0.702634 260
0.704714 261
0.706794 262
0.708874 263
0.710954 264
0.713034 265
0.715114 266
0.717194 267
0.719274 268
0.721354 269
0.723434 270
0.725514 271
0.727594 272
0.729674 273
0.731754 274
0.733834 275
0.735914 276
0.737994 277
0.740074 278
0.742154 279
0.744234 280
0.746314 281
0.748394 282
0.750474 283
0.752554 284
0.754634 285
0.756714 286
0.758794 287
0.760874 288
0.762954 289
0.765034 290
0.767114 291
0.769194 292
0.771274 293
0.773354 294
0.775434 295
0.777514 296
0.779594 297
0.781674 298
0.783754 299
0.785834 300
0.787914 301
0.789994 302
0.792074 303
0.794154 304
0.796234 305
0.798314 306
0.800394 307
0.802474 308
0.804554 309
0.806634 310
0.808714 311
0.810794 312
0.812874 313
0.814954 314
0.817034 315
0.819114 316
0.821194 317
0.823274 318
0.825354 319
0.827434 320
0.829514 321
0.831594 322
0.833674 323
0.835754 324
0.837834 325
0.839914 326
0.841994 327
0.844074 328
0.846154 329
0.848234 330
0.850314 331
0.852394 332
0.854474 333
0.856554 334
0.858634 335
0.860714 336
0.862794 337
0.864874 338
0.866954 339
0.869034 340
0.871114 341
0.873194 342
0.875274 343
0.877354 344
0.879434 345
0.881514 346
0.883594 347
0.885674 348
0.887754 349
0.889834 350
0.891914 351
0.893994 352
0.896074 353
0.898154 354
0.900234 355
0.902314 356
0.904394 357
0.906474 358
0.908554 359
0.910634 360
0.912714 361
0.914794 362
0.916874 363
0.918954 364
0.921034 365
0.923114 366
0.925194 367
0.927274 368
0.929354 369
0.931434 370
0.933514 371
0.935594 372
0.937674 373
0.939754 374
0.941834 375
0.943914 376
0.945994 377
0.948074 378
0.950154 379
0.952234 380
0.954314 381
0.956394 382
0.958474 383
0.960554 384
0.962634 385
0.964714 386
0.966794 387
0.968874 388
0.970954 389
0.973034 390
0.975114 391
0.977194 392
0.979274 393
0.981354 394
0.983434 395
0.985514 396
0.987594 397
0.989674 398
0.991754 399
0.993834 400
0.995914 401
0.997994 402
1.000074 403
1.002154 404
1.004234 405
1.006314 406
1.008394 407
1.010474 408
1.012554 409
1.014634 410
1.016714 411
1.018794 412
1.020874 413
1.022954 414
1.025034 415
1.027114 416
1.029194 417
1.031274 418
1.033354 419
1.035434 420
1.037514 421
1.039594 422
1.041674 423
1.043754 424
1.045834 425
1.047914 426
1.049994 427
1.052074 428
1.054154 429
1.056234 430
1.058314 431
1.060394 432
1.062474 433
1.064554 434
1.066634 435
1.068714 436
1.070794 437
1.072874 438
1.074954 439
1.077034 440
1.079114 441
1.081194 442
1.083274 443
1.085354 444
1.087434 445
1.089514 446
1.091594 447
1.093674 448
1.095754 449
1.097834 450
1.099914 451
1.101994 452
1.104074 453
1.106154 454
1.108234 455
1.110314 456
1.112394 457
1.114474 458
1.116554 459
1.118634 460
1.120714 461
1.122794 462
1.124874 463
1.126954 464
1.129034 465
1.131114 466
1.133194 467
1.135274 468
1.137354 469
1.139434 470
1.141514 471
1.143594 472
1.145674 473
1.147754 474
1.149834 475
1.151914 476
1.153994 477
1.156074 478
1.158154 479
1.160234 480
1.162314 481
1.164394 482
1.166474 483
1.168554 484
1.170634 485
1.172714 486
1.174794 487
1.176874 488
1.178954 489
1.181034 490
1.183114 491
1.185194 492
1.187274 493
1.189354 494
1.191434 495
1.193514 496
1.195594 497
1.197674 498
1.199754 499
1.201834 500
1.203914 501
1.205994 502
1.208074 503
1.210154 504
1.212234 505
1.214314 506
1.216394 507
1.218474 508
1.220554 509
1.222634 510
1.224714 511
1.226794 512
1.228874 513
1.230954 514
1.233034 515
1.235114 516
1.237194 517
1.239274 518
1.241354 519
1.243434 520
1.245514 521
1.247594 522
1.249674 523
1.251754 524
1.253834 525
1.255914 526
1.257994 527
1.260074 528
1.262154 529
1.264234 530
1.266314 531
1.268394 532
1.270474 533
1.272554 534
1.274634 535
1.276714 536
1.278794 537
1.280874 538
1.282954 539
1.285034 540
1.287114 541
1.289194 542
1.291274 543
1.293354 544
1.295434 545
1.297514 546
1.299594 547
1.301674 548
1.303754 549
1.305834 550
1.307914 551
1.309994 552
1.312074 553
1.314154 554
1.316234 555
1.318314 556
1.320394 557
1.322474 558
1.324554 559
1.326634 560
1.328714 561
1.330794 562
1.332874 563
1.334954 564
1.337034 565
1.339114 566
1.341194 567
1.343274 568
1.345354 569
1.347434 570
1.349514 571
1.351594 572
1.353674 573
1.355754 574
1.357834 575
1.359914 576
1.361994 577
1.364074 578
1.366154 579
1.368234 580
1.370314 581
1.372394 582
1.374474 583
1.376554 584
1.378634 585
1.380714 586
1.382794 587
1.384874 588
1.386954 589
1.389034 590
1.391114 591
1.393194 592
1.395274 593
1.397354 594
1.399434 595
1.401514 596
1.403594 597
1.405674 598
1.407754 599
1.409834 600
1.411914 601
1.413994 602
1.416074 603
1.418154 604
1.420234 605
1.422314 606
1.424394 607
1.426474 608
1.428554 609
1.430634 610
1.432714 611
1.434794 612
1.436874 613
1.438954 614
1.441034 615
1.443114 616
1.445194 617
1.447274 618
1.449354 619
1.451434 620
1.453514 621
1.455594 622
1.457674 623
1.459754 624
1.461834 625
1.463914 626
1.465994 627
1.468074 628
1.470154 629
1.472234 630
1.474314 631
1.476394 632
1.478474 633
1.480554 634
1.482634 635
1.484714 636
1.486794 637
1.488874 638
1.490954 639
1.493034 640
1.495114 641
1.497194 642
1.499274 643
1.501354 644
1.503434 645
1.505514 646
1.507594 647
1.509674 648
1.511754 649
1.513834 650
1.515914 651
1.517994 652
1.520074 653
1.522154 654
1.524234 655
1.526314 656
1.528394 657
1.530474 658
1.532554 659
1.534634 660
1.536714 661
1.538794 662
1.540874 663
1.542954 664
1.545034 665
1.547114 666
1.549194 667
1.551274 668
1.553354 669
1.555434 670
1.557514 671
1.559594 672
1.561674 673
1.563754 674
1.565834 675
1.567914 676
1.569994 677
1.572074 678
1.574154 679
1.576234 680
1.578314 681
1.580394 682
1.582474 683
1.584554 684
1.586634 685
1.588714 686
1.590794 687
1.592874 688
1.594954 689
1.597034 690
1.599114 691
1.601194 692
1.603274 693
1.605354 694
1.607434 695
1.609514 696
1.611594 697
1.613674 698
1.615754 699
1.617834 700
1.619914 701
1.621994 702
1.624074 703
1.626154 704
1.628234 705
1.630314 706
1.632394 707
1.634474 708
1.636554 709
1.638634 710
1.640714 711
1.642794 712
1.644874 713
1.646954 714
1.649034 715
1.651114 716
1.653194 717
1.655274 718
1.657354 719
1.659434 720
1.661514 721
1.663594 722
1.665674 723
1.667754 724
1.669834 725
1.671914 726
1.673994 727
1.676074 728
1.678154 729
1.680234 730
1.682314 731
1.684394 732
1.686474 733
1.688554 734
1.690634 735
1.692714 736
1.694794 737
1.696874 738
1.698954 739
1.701034 740
1.703114 741
1.705194 742
1.707274 743
1.709354 744
1.711434 745
1.713514 746
1.715594 747
1.717674 748
1.719754 749
1.721834 750
1.723914 751
1.725994 752
1.728074 753
1.730154 754
1.732234 755
1.734314 756
1.736394 757
1.738474 758
1.740554 759
1.742634 760
1.744714 761
1.746794 762
1.748874 763
1.750954 764
1.753034 765
1.755114 766
1.757194 767
1.759274 768
1.761354 769
1.763434 770
1.765514 771
1.767594 772
1.769674 773
1.771754 774
1.773834 775
1.775914 776
1.777994 777
1.780074 778
1.782154 779
1.784234 780
1.786314 781
1.788394 782
1.790474 783
1.792554 784
1.794634 785
1.796714 786
1.798794 787
1.800874 788
1.802954 789
1.805034 790
1.807114 791
1.809194 792
1.811274 793
1.813354 794
1.815434 795
1.817514 796
1.819594 797
1.821674 798
1.823754 799
1.825834 800
1.827914 801
1.829994 802
1.832074 803
1.834154 804
1.836234 805
1.838314 806
1.840394 807
1.842474 808
1.844554 809
1.846634 810
1.848714 811
1.850794 812
1.852874 813
1.854954 814
1.857034 815
1.859114 816
1.861194 817
1.863274 818
1.865354 819
1.867434 820
1.869514 821
1.871594 822
1.873674 823
1.875754 824
1.877834 825
1.879914 826
1.881994 827
1.884074 828
1.886154 829
1.888234 830
1.890314 831
1.892394 832
1.894474 833
1.896554 834
1.898634 835
1.900714 836
1.902794 837
1.904874 838
1.906954 839
1.909034 840
1.911114 841
1.913194 842
1.915274 843
1.917354 844
1.919434 845
1.921514 846
1.923594 847
1.925674 848
1.927754 849
1.929834 850
1.931914 851
1.933994 852
1.936074 853
1.938154 854
1.940234 855
1.942314 856
1.944394 857
1.946474 858
1.948554 859
1.950634 860
1.952714 861
1.954794 862
1.956874 863
1.958954 864
1.961034 865
1.963114 866
1.965194 867
1.967274 868
1.969354 869
1.971434 870
1.973514 871
1.975594 872
1.977674 873
1.979754 874
1.981834 875
1.983914 876
1.985994 877
1.988074 878
1.990154 879
1.992234 880
1.994314 881
1.996394 882
1.998474 883
2.000554 884
2.002634 885
2.004714 886
2.006794 887
2.008874 888
2.010954 889
2.013034 890
2.015114 891
2.017194 892
2.019274 893
2.021354 894
2.023434 895
2.025514 896
2.027594 897
2.029674 898
2.031754 899
2.033834 900
2.035914 901
2.037994 902
2.040074 903
2.042154 904
2.044234 905
2.046314 906
2.048394 907
2.050474 908
2.052554 909
2.054634 910
2.056714 911
2.058794 912
2.060874 913
2.062954 914
2.065034 915
2.067114 916
2.069194 917
2.071274 918
2.073354 919
2.075434 920
2.077514 921
2.079594 922
2.081674 923
2.083754 924
2.085834 925
2.087914 926
2.089994 927
2.092074 928
2.094154 929
2.096234 930
2.098314 931
2.100394 932
2.102474 933
2.104554 934
2.106634 935
2.108714 936
2.110794 937
2.112874 938
2.114954 939
2.117034 940
2.119114 941
2.121194 942
2.123274 943
2.125354 944
2.127434 945
2.129514 946
2.131594 947
2.133674 948
2.135754 949
2.137834 950
2.139914 951
2.141994 952
2.144074 953
2.146154 954
2.148234 955
2.150314 956
2.152394 957
2.154474 958
2.156554 959
2.158634 960
2.160714 961
2.162794 962
2.164874 963
2.166954 964
2.169034 965
2.171114 966
2.173194 967
2.175274 968
2.177354 969
2.179434 970
2.181514 971
2.183594 972
2.185674 973
2.187754 974
2.189834 975
2.191914 976
2.193994 977
2.196074 978
2.198154 979
2.200234 980
2.202314 981
2.204394 982
2.206474 983
2.208554 984
2.210634 985
2.212714 986
2.214794 987
2.216874 988
2.218954 989
2.221034 990
2.223114 991
2.225194 992
2.227274 993
2.229354 994
2.231434 995
2.233514 996
2.235594 997
2.237674 998
2.239754 999
2.241834 1000
2.243914 1001
2.245994 1002
2.248074 1003
2.250154 1004
2.252234 1005
2.254314 1006
2.256394 1007
2.258474 1008
2.260554 1009
2.262634 1010
2.264714 1011
2.266794 1012
2.268874 1013
2.270954 1014
2.273034 1015
2.275114 1016
2.277194 1017
2.279274 1018
2.281354 1019
2.283434 1020
2.285514 1021
2.287594 1022
2.289674 1023
2.291754 1024
2.293834 1025
2.295914 1026
2.297994 1027
2.300074 1028
2.302154 1029
2.304234 1030
2.306314 1031
2.308394 1032
2.310474 1033
2.312554 1034
2.314634 1035
2.316714 1036
2.318794 1037
2.320874 1038
2.322954 1039
2.325034 1040
2.327114 1041
2.329194 1042
2.331274 1043
2.333354 1044
2.335434 1045
2.337514 1046
2.339594 1047
2.341674 1048
2.343754 1049
2.345834 1050
2.347914 1051
2.349994 1052
2.352074 1053
2.354154 1054
2.356234 1055
2.358314 1056
2.360394 1057
2.362474 1058
2.364554 1059
2.366634 1060
2.368714 1061
2.370794 1062
2.372874 1063
2.374954 1064
2.377034 1065
2.379114 1066
2.381194 1067
2.383274 1068
2.385354 1069
2.387434 1070
2.389514 1071
2.391594 1072
2.393674 1073
2.395754 1074
2.397834 1075
2.399914 1076
2.401994 1077
2.404074 1078
2.406154 1079
2.408234 1080
2.410314 1081
2.412394 1082
2.414474 1083
2.416554 1084
2.418634 1085
2.420714 1086
2.422794 1087
2.424874 1088
2.426954 1089
2.429034 1090
2.431114 1091
2.433194 1092
2.435274 1093
2.437354 1094
2.439434 1095
2.441514 1096
2.443594 1097
2.445674 1098
2.447754 1099
2.449834 1100
2.451914 1101
2.453994 1102
2.456074 1103
2.458154 1104
2.460234 1105
2.462314 1106
2.464394 1107
2.466474 1108
2.468554 1109
2.470634 1110
2.472714 1111
2.474794 1112
2.476874 1113
2.478954 1114
2.481034 1115
2.483114 1116
2.485194 1117
2.487274 1118
2.489354 1119
2.491434 1120
2.493514 1121
2.495594 1122
2.497674 1123
2.499754 1124
2.501834 1125
2.503914 1126
2.505994 1127
2.508074 1128
2.510154 1129
2.512234 1130
2.514314 1131
2.516394 1132
2.518474 1133
2.520554 1134
2.522634 1135
2.524714 1136
2.526794 1137
2.528874 1138
2.530954 1139
2.533034 1140
2.535114 1141
2.537194 1142
2.539274 1143
2.541354 1144
2.543434 1145
2.545514 1146
2.547594 1147
2.549674 1148
2.551754 1149
2.553834 1150
2.555914 1151
2.557994 1152
2.560074 1153
2.562154 1154
2.564234 1155
2.566314 1156
2.568394 1157
2.570474 1158
2.572554 1159
2.574634 1160
2.576714 1161
2.578794 1162
2.580874 1163
2.582954 1164
2.585034 1165
2.587114 1166
2.589194 1167
2.591274 1168
2.593354 1169
2.595434 1170
2.597514 1171
2.599594 1172
2.601674 1173
2.603754 1174
2.605834 1175
2.607914 1176
2.609994 1177
2.612074 1178
2.614154 1179
2.616234 1180
2.618314 1181
2.620394 1182
2.622474 1183
2.624554 1184
2.626634 1185
2.628714 1186
2.630794 1187
2.632874 1188
2.634954 1189
2.637034 1190
2.639114 1191
2.641194 1192
2.643274 1193
2.645354 1194
2.647434 1195
2.649514 1196
2.651594 1197
2.653674 1198
2.655754 1199
2.657834 1200
2.659914 1201
2.661994 1202
2.664074 1203
2.666154 1204
2.668234 1205
2.670314 1206
2.672394 1207
2.674474 1208
2.676554 1209
2.678634 1210
2.680714 1211
2.682794 1212
2.684874 1213
2.686954 1214
2.689034 1215
2.691114 1216
2.693194 1217
2.695274 1218
2.697354 1219
2.699434 1220
2.701514 1221
2.703594 1222
2.705674 1223
2.707754 1224
2.709834 1225
2.711914 1226
2.713994 1227
2.716074 1228
2.718154 1229
2.720234 1230
2.722314 1231
2.724394 1232
2.726474 1233
2.728554 1234
2.730634 1235
2.732714 1236
2.734794 1237
2.736874 1238
2.738954 1239
2.741034 1240
2.743114 1241
2.745194 1242
2.747274 1243
2.749354 1244
2.751434 1245
2.753514 1246
2.755594 1247
2.757674 1248
2.759754 1249
2.761834 1250
2.763914 1251
2.765994 1252
2.768074 1253
2.770154 1254
2.772234 1255
2.774314 1256
2.776394 1257
2.778474 1258
2.780554 1259
2.782634 1260
2.784714 1261
2.786794 1262
2.788874 1263
2.790954 1264
2.793034 1265
2.795114 1266
2.797194 1267
2.799274 1268
2.801354 1269
2.803434 1270
2.805514 1271
2.807594 1272
2.809674 1273
2.811754 1274
2.813834 1275
2.815914 1276
2.817994 1277
2.820074 1278
2.822154 1279
2.824234 1280
2.826314 1281
2.828394 1282
2.830474 1283
2.832554 1284
2.834634 1285
2.836714 1286
2.838794 1287
2.840874 1288
2.842954 1289
2.845034 1290
2.847114 1291
2.849194 1292
2.851274 1293
2.853354 1294
2.855434 1295
2.857514 1296
2.859594 1297
2.861674 1298
2.863754 1299
2.865834 1300
2.867914 1301
2.869994 1302
2.872074 1303
2.874154 1304
2.876234 1305
2.878314 1306
2.880394 1307
2.882474 1308
2.884554 1309
2.886634 1310
2.888714 1311
2.890794 1312
2.892874 1313
2.894954 1314
2.897034 1315
2.899114 1316
2.901194 1317
2.903274 1318
2.905354 1319
2.907434 1320
2.909514 1321
2.911594 1322
2.913674 1323
2.915754 1324
2.917834 1325
2.919914 1326
2.921994 1327
2.924074 1328
2.926154 1329
2.928234 1330
2.930314 1331
2.932394 1332
2.934474 1333
2.936554 1334
2.938634 1335
2.940714 1336
2.942794 1337
2.944874 1338
2.946954 1339
2.949034 1340
2.951114 1341
2.953194 1342
2.955274 1343
2.957354 1344
2.959434 1345
2.961514 1346
2.963594 1347
2.965674 1348
2.967754 1349
2.969834 1350
2.971914 1351
2.973994 1352
2.976074 1353
2.978154 1354
2.980234 1355
2.982314 1356
2.984394 1357
2.986474 1358
2.988554 1359
2.990634 1360
2.992714 1361
2.994794 1362
2.996874 1363
2.998954 1364
3.001034 1365
3.003114 1366
3.005194 1367
3.007274 1368
3.009354 1369
3.011434 1370
3.013514 1371
3.015594 1372
3.017674 1373
3.019754 1374
3.021834 1375
3.023914 1376
3.025994 1377
3.028074 1378
3.030154 1379
3.032234 1380
3.034314 1381
3.036394 1382
3.038474 1383
3.040554 1384
3.042634 1385
3.044714 1386
3.046794 1387
3.048874 1388
3.050954 1389
3.053034 1390
3.055114 1391
3.057194 1392
3.059274 1393
3.061354 1394
3.063434 1395
3.065514 1396
3.067594 1397
3.069674 1398
3.071754 1399
3.073834 1400
3.075914 1401
3.077994 1402
3.080074 1403
3.082154 1404
3.084234 1405
3.086314 1406
3.088394 1407
3.090474 1408
3.092554 1409
3.094634 1410
3.096714 1411
3.098794 1412
3.100874 1413
3.102954 1414
3.105034 1415
3.107114 1416
3.109194 1417
3.111274 1418
3.113354 1419
3.115434 1420
3.117514 1421
3.119594 1422
3.121674 1423
3.123754 1424
3.125834 1425
3.127914 1426
3.129994 1427
3.132074 1428
3.134154 1429
3.136234 1430
3.138314 1431
3.140394 1432
3.142474 1433
3.144554 1434
3.146634 1435
3.148714 1436
3.150794 1437
3.152874 1438
3.154954 1439
3.157034 1440
3.159114 1441
3.161194 1442
3.163274 1443
3.165354 1444
3.167434 1445
3.169514 1446
3.171594 1447
3.173674 1448
3.175754 1449
3.177834 1450
3.179914 1451
3.181994 1452
3.184074 1453
3.186154 1454
3.188234 1455
3.190314 1456
3.192394 1457
3.194474 1458
3.196554 1459
3.198634 1460
3.200714 1461
3.202794 1462
3.204874 1463
3.206954 1464
3.209034 1465
3.211114 1466
3.213194 1467
3.215274 1468
3.217354 1469
3.219434 1470
3.221514 1471
3.223594 1472
3.225674 1473
3.227754 1474
3.229834 1475
3.231914 1476
3.233994 1477
3.236074 1478
3.238154 1479
3.240234 1480
3.242314 1481
3.244394 1482
3.246474 1483
3.248554 1484
3.250634 1485
3.252714 1486
3.254794 1487
3.256874 1488
3.258954 1489
3.261034 1490
3.263114 1491
3.265194 1492
3.267274 1493
3.269354 1494
3.271434 1495
3.273514 1496
3.275594 1497
3.277674 1498
3.279754 1499
3.281834 1500
3.283914 1501
3.285994 1502
3.288074 1503
3.290154 1504
3.292234 1505
3.294314 1506
3.296394 1507
3.298474 1508
3.300554 1509
3.302634 1510
3.304714 1511
3.306794 1512
3.308874 1513
3.310954 1514
3.313034 1515
3.315114 1516
3.317194 1517
3.319274 1518
3.321354 1519
3.323434 1520
3.325514 1521
3.327594 1522
3.329674 1523
3.331754 1524
3.333834 1525
3.335914 1526
3.337994 1527
3.340074 1528
3.342154 1529
3.344234 1530
3.346314 1531
3.348394 1532
3.350474 1533
3.352554 1534
3.354634 1535
3.356714 1536
3.358794 1537
3.360874 1538
3.362954 1539
3.365034 1540
3.367114 1541
3.369194 1542
3.371274 1543
3.373354 1544
3.375434 1545
3.377514 1546
3.379594 1547
3.381674 1548
3.383754 1549
3.385834 1550
3.387914 1551
3.389994 1552
3.392074 1553
3.394154 1554
3.396234 1555
3.398314 1556
3.400394 1557
3.402474 1558
3.404554 1559
3.406634 1560
3.408714 1561
3.410794 1562
3.412874 1563
3.414954 1564
3.417034 1565
3.419114 1566
3.421194 1567
3.423274 1568
3.425354 1569
3.427434 1570
3.429514 1571
3.431594 1572
3.433674 1573
3.435754 1574
3.437834 1575
3.439914 1576
3.441994 1577
3.444074 1578
3.446154 1579
3.448234 1580
3.450314 1581
3.452394 1582
3.454474 1583
3.456554 1584
3.458634 1585
3.460714 1586
3.462794 1587
3.464874 1588
3.466954 1589
3.469034 1590
3.471114 1591
3.473194 1592
3.475274 1593
3.477354 1594
3.479434 1595
3.481514 1596
3.483594 1597
3.485674 1598
3.487754 1599
3.489834 1600
3.491914 1601
3.493994 1602
3.496074 1603
3.498154 1604
3.500234 1605
3.502314 1606
3.504394 1607
3.506474 1608
3.508554 1609
3.510634 1610
3.512714 1611
3.514794 1612
3.516874 1613
3.518954 1614
3.521034 1615
3.523114 1616
3.525194 1617
3.527274 1618
3.529354 1619
3.531434 1620
3.533514 1621
3.535594 1622
3.537674 1623
3.539754 1624
3.541834 1625
3.543914 1626
3.545994 1627
3.548074 1628
3.550154 1629
3.552234 1630
3.554314 1631
3.556394 1632
3.558474 1633
3.560554 1634
3.562634 1635
3.564714 1636
3.566794 1637
3.568874 1638
3.570954 1639
3.573034 1640
3.575114 1641
3.577194 1642
3.579274 1643
3.581354 1644
3.583434 1645
3.585514 1646
3.587594 1647
3.589674 1648
3.591754 1649
3.593834 1650
3.595914 1651
3.597994 1652
3.600074 1653
3.602154 1654
3.604234 1655
3.606314 1656
3.608394 1657
3.610474 1658
3.612554 1659
3.614634 1660
3.616714 1661
3.618794 1662
3.620874 1663
3.622954 1664
3.625034 1665
3.627114 1666
3.629194 1667
3.631274 1668
3.633354 1669
3.635434 1670
3.637514 1671
3.639594 1672
3.641674 1673
3.643754 1674
3.645834 1675
3.647914 1676
3.649994 1677
3.652074 1678
3.654154 1679
3.656234 1680
3.658314 1681
3.660394 1682
3.662474 1683
3.664554 1684
3.666634 1685
3.668714 1686
3.670794 1687
3.672874 1688
3.674954 1689
3.677034 1690
3.679114 1691
3.681194 1692
3.683274 1693
3.685354 1694
3.687434 1695
3.689514 1696
3.691594 1697
3.693674 1698
3.695754 1699
3.697834 1700
3.699914 1701
3.701994 1702
3.704074 1703
3.706154 1704
3.708234 1705
3.710314 1706
3.712394 1707
3.714474 1708
3.716554 1709
3.718634 1710
3.720714 1711
3.722794 1712
3.724874 1713
3.726954 1714
3.729034 1715
3.731114 1716
3.733194 1717
3.735274 1718
3.737354 1719
3.739434 1720
3.741514 1721
3.743594 1722
3.745674 1723
3.747754 1724
3.749834 1725
3.751914 1726
3.753994 1727
3.756074 1728
3.758154 1729
3.760234 1730
3.762314 1731
3.764394 1732
3.766474 1733
3.768554 1734
3.770634 1735
3.772714 1736
3.774794 1737
3.776874 1738
3.778954 1739
3.781034 1740
3.783114 1741
3.785194 1742
3.787274 1743
3.789354 1744
3.791434 1745
3.793514 1746
3.795594 1747
3.797674 1748
3.799754 1749
3.801834 1750
3.803914 1751
3.805994 1752
3.808074 1753
3.810154 1754
3.812234 1755
3.814314 1756
3.816394 1757
3.818474 1758
3.820554 1759
3.822634 1760
3.824714 1761
3.826794 1762
3.828874 1763
3.830954 1764
3.833034 1765
3.835114 1766
3.837194 1767
3.839274 1768
3.841354 1769
3.843434 1770
3.845514 1771
3.847594 1772
3.849674 1773
3.851754 1774
3.853834 1775
3.855914 1776
3.857994 1777
3.860074 1778
3.862154 1779
3.864234 1780
3.866314 1781
3.868394 1782
3.870474 1783
3.872554 1784
3.874634 1785
3.876714 1786
3.878794 1787
3.880874 1788
3.882954 1789
3.885034 1790
3.887114 1791
3.889194 1792
3.891274 1793
3.893354 1794
3.895434 1795
3.897514 1796
3.899594 1797
3.901674 1798
3.903754 1799
3.905834 1800
3.907914 1801
3.909994 1802
3.912074 1803
3.914154 1804
3.916234 1805
3.918314 1806
3.920394 1807
3.922474 1808
3.924554 1809
3.926634 1810
3.928714 1811
3.930794 1812
3.932874 1813
3.934954 1814
3.937034 1815
3.939114 1816
3.941194 1817
3.943274 1818
3.945354 1819
3.947434 1820
3.949514 1821
3.951594 1822
3.953674 1823
3.955754 1824
3.957834 1825
3.959914 1826
3.961994 1827
3.964074 1828
3.966154 1829
3.968234 1830
3.970314 1831
3.972394 1832
3.974474 1833
3.976554 1834
3.978634 1835
3.980714 1836
3.982794 1837
3.984874 1838
3.986954 1839
3.989034 1840
3.991114 1841
3.993194 1842
3.995274 1843
3.997354 1844
3.999434 1845
4.001514 1846
4.003594 1847
4.005674 1848
4.007754 1849
4.009834 1850
4.011914 1851
4.013994 1852
4.016074 1853
4.018154 1854
4.020234 1855
4.022314 1856
4.024394 1857
4.026474 1858
4.028554 1859
4.030634 1860
4.032714 1861
4.034794 1862
4.036874 1863
4.038954 1864
4.041034 1865
4.043114 1866
4.045194 1867
4.047274 1868
4.049354 1869
4.051434 1870
4.053514 1871
4.055594 1872
4.057674 1873
4.059754 1874
4.061834 1875
4.063914 1876
4.065994 1877
4.068074 1878
4.070154 1879
4.072234 1880
4.074314 1881
4.076394 1882
4.078474 1883
4.080554 1884
4.082634 1885
4.084714 1886
4.086794 1887
4.088874 1888
4.090954 1889
4.093034 1890
4.095114 1891
4.097194 1892
4.099274 1893
4.101354 1894
4.103434 1895
4.105514 1896
4.107594 1897
4.109674 1898
4.111754 1899
4.113834 1900
4.115914 1901
4.117994 1902
4.120074 1903
4.122154 1904
4.124234 1905
4.126314 1906
4.128394 1907
4.130474 1908
4.132554 1909
4.134634 1910
4.136714 1911
4.138794 1912
4.140874 1913
4.142954 1914
4.145034 1915
4.147114 1916
4.149194 1917
4.151274 1918
4.153354 1919
4.155434 1920
4.157514 1921
4.159594 1922
4.161674 1923
4.163754 1924
4.165834 1925
4.167914 1926
4.169994 1927
4.172074 1928
4.174154 1929
4.176234 1930
4.178314 1931
4.180394 1932
4.182474 1933
4.184554 1934
4.186634 1935
4.188714 1936
4.190794 1937
4.192874 1938
4.194954 1939
4.197034 1940
4.199114 1941
4.201194 1942
4.203274 1943
4.205354 1944
4.207434 1945
4.209514 1946
4.211594 1947
4.213674 1948
4.215754 1949
4.217834 1950
4.219914 1951
4.221994 1952
4.224074 1953
4.226154 1954
4.228234 1955
4.230314 1956
4.232394 1957
4.234474 1958
4.236554 1959
4.238634 1960
4.240714 1961
4.242794 1962
4.244874 1963
4.246954 1964
4.249034 1965
4.251114 1966
4.253194 1967
4.255274 1968
4.257354 1969
4.259434 1970
4.261514 1971
4.263594 1972
4.265674 1973
4.267754 1974
4.269834 1975
4.271914 1976
4.273994 1977
4.276074 1978
4.278154 1979
4.280234 1980
4.282314 1981
4.284394 1982
4.286474 1983
4.288554 1984
4.290634 1985
4.292714 1986
4.294794 1987
4.296874 1988
4.298954 1989
4.301034 1990
4.303114 1991
4.305194 1992
4.307274 1993
4.309354 1994
4.311434 1995
4.313514 1996
4.315594 1997
4.317674 1998
4.319754 1999
4.321834 2000
4.323914 2001
4.325994 2002
4.328074 2003
4.330154 2004
4.332234 2005
4.334314 2006
4.336394 2007
4.338474 2008
4.340554 2009
4.342634 2010
4.344714 2011
4.346794 2012
4.348874 2013
4.350954 2014
4.353034 2015
4.355114 2016
4.357194 2017
4.359274 2018
4.361354 2019
4.363434 2020
4.365514 2021
4.367594 2022
4.369674 2023
4.371754 2024
4.373834 2025
4.375914 2026
4.377994 2027
4.380074 2028
4.382154 2029
4.384234 2030
4.386314 2031
4.388394 2032
4.390474 2033
4.392554 2034
4.394634 2035
4.396714 2036
4.398794 2037
4.400874 2038
4.402954 2039
4.405034 2040
4.407114 2041
4.409194 2042
4.411274 2043
4.413354 2044
4.415434 2045
4.417514 2046
4.419594 2047
4.421674 2048
4.423754 2049
4.425834 2050
4.427914 2051
4.429994 2052
4.432074 2053
4.434154 2054
4.436234 2055
4.438314 2056
4.440394 2057
4.442474 2058
4.444554 2059
4.446634 2060
4.448714 2061
4.450794 2062
4.452874 2063
4.454954 2064
4.457034 2065
4.459114 2066
4.461194 2067
4.463274 2068
4.465354 2069
4.467434 2070
4.469514 2071
4.471594 2072
4.473674 2073
4.475754 2074
4.477834 2075
4.479914 2076
4.481994 2077
4.484074 2078
4.486154 2079
4.488234 2080
4.490314 2081
4.492394 2082
4.494474 2083
4.496554 2084
4.498634 2085
4.500714 2086
4.502794 2087
4.504874 2088
4.506954 2089
4.509034 2090
4.511114 2091
4.513194 2092
4.515274 2093
4.517354 2094
4.519434 2095
4.521514 2096
4.523594 2097
4.525674 2098
4.527754 2099
4.529834 2100
4.531914 2101
4.533994 2102
4.536074 2103
4.538154 2104
4.540234 2105
4.542314 2106
4.544394 2107
4.546474 2108
4.548554 2109
4.550634 2110
4.552714 2111
4.554794 2112
4.556874 2113
4.558954 2114
4.561034 2115
4.563114 2116
4.565194 2117
4.567274 2118
4.569354 2119
4.571434 2120
4.573514 2121
4.575594 2122
4.577674 2123
4.579754 2124
4.581834 2125
4.583914 2126
4.585994 2127
4.588074 2128
4.590154 2129
4.592234 2130
4.594314 2131
4.596394 2132
4.598474 2133
4.600554 2134
4.602634 2135
4.604714 2136
4.606794 2137
4.608874 2138
4.610954 2139
4.613034 2140
4.615114 2141
4.617194 2142
4.619274 2143
4.621354 2144
4.623434 2145
4.625514 2146
4.627594 2147
4.629674 2148
4.631754 2149
4.633834 2150
4.635914 2151
4.637994 2152
4.640074 2153
4.642154 2154
4.644234 2155
4.646314 2156
4.648394 2157
4.650474 2158
4.652554 2159
4.654634 2160
4.656714 2161
4.658794 2162
4.660874 2163
4.662954 2164
4.665034 2165
4.667114 2166
4.669194 2167
4.671274 2168
4.673354 2169
4.675434 2170
4.677514 2171
4.679594 2172
4.681674 2173
4.683754 2174
4.685834 2175
4.687914 2176
4.689994 2177
4.692074 2178
4.694154 2179
4.696234 2180
4.698314 2181
4.700394 2182
4.702474 2183
4.704554 2184
4.706634 2185
4.708714 2186
4.710794 2187
4.712874 2188
4.714954 2189
4.717034 2190
4.719114 2191
4.721194 2192
4.723274 2193
4.725354 2194
4.727434 2195
4.729514 2196
4.731594 2197
4.733674 2198
4.735754 2199
4.737834 2200
4.739914 2201
4.741994 2202
4.744074 2203
4.746154 2204
4.748234 2205
4.750314 2206
4.752394 2207
4.754474 2208
4.756554 2209
4.758634 2210
4.760714 2211
4.762794 2212
4.764874 2213
4.766954 2214
4.769034 2215
4.771114 2216
4.773194 2217
4.775274 2218
4.777354 2219
4.779434 2220
4.781514 2221
4.783594 2222
4.785674 2223
4.787754 2224
4.789834 2225
4.791914 2226
4.793994 2227
4.796074 2228
4.798154 2229
4.800234 2230
4.802314 2231
4.804394 2232
4.806474 2233
4.808554 2234
4.810634 2235
4.812714 2236
4.814794 2237
4.816874 2238
4.818954 2239
4.821034 2240
4.823114 2241
4.825194 2242
4.827274 2243
4.829354 2244
4.831434 2245
4.833514 2246
4.835594 2247
4.837674 2248
4.839754 2249
4.841834 2250
4.843914 2251
4.845994 2252
4.848074 2253
4.850154 2254
4.852234 2255
4.854314 2256
4.856394 2257
4.858474 2258
4.860554 2259
4.862634 2260
4.864714 2261
4.866794 2262
4.868874 2263
4.870954 2264
4.873034 2265
4.875114 2266
4.877194 2267
4.879274 2268
4.881354 2269
4.883434 2270
4.885514 2271
4.887594 2272
4.889674 2273
4.891754 2274
4.893834 2275
4.895914 2276
4.897994 2277
4.900074 2278
4.902154 2279
4.904234 2280
4.906314 2281
4.908394 2282
4.910474 2283
4.912554 2284
4.914634 2285
4.916714 2286
4.918794 2287
4.920874 2288
4.922954 2289
4.925034 2290
4.927114 2291
4.929194 2292
4.931274 2293
4.933354 2294
4.935434 2295
4.937514 2296
4.939594 2297
4.941674 2298
4.943754 2299
4.945834 2300
4.947914 2301
4.949994 2302
4.952074 2303
4.954154 2304
4.956234 2305
4.958314 2306
4.960394 2307
4.962474 2308
4.964554 2309
4.966634 2310
4.968714 2311
4.970794 2312
4.972874 2313
4.974954 2314
4.977034 2315
4.979114 2316
4.981194 2317
4.983274 2318
4.985354 2319
4.987434 2320
4.989514 2321
4.991594 2322
4.993674 2323
4.995754 2324
4.997834 2325
4.999914 2326
5.001994 2327
5.004074 2328
5.006154 2329
5.008234 2330
5.010314 2331
5.012394 2332
5.014474 2333
5.016554 2334
5.018634 2335
5.020714 2336
5.022794 2337
5.024874 2338
5.026954 2339
5.029034 2340
5.031114 2341
5.033194 2342
5.035274 2343
5.037354 2344
5.039434 2345
5.041514 2346
5.043594 2347
5.045674 2348
5.047754 2349
5.049834 2350
5.051914 2351
5.053994 2352
5.056074 2353
5.058154 2354
5.060234 2355
5.062314 2356
5.064394 2357
5.066474 2358
5.068554 2359
5.070634 2360
5.072714 2361
5.074794 2362
5.076874 2363
5.078954 2364
5.081034 2365
5.083114 2366
5.085194 2367
5.087274 2368
5.089354 2369
5.091434 2370
5.093514 2371
5.095594 2372
5.097674 2373
5.099754 2374
5.101834 2375
5.103914 2376
5.105994 2377
5.108074 2378
5.110154 2379
5.112234 2380
5.114314 2381
5.116394 2382
5.118474 2383
5.120554 2384
5.122634 2385
5.124714 2386
5.126794 2387
5.128874 2388
5.130954 2389
5.133034 2390
5.135114 2391
5.137194 2392
5.139274 2393
5.141354 2394
5.143434 2395
5.145514 2396
5.147594 2397
5.149674 2398
5.151754 2399
5.153834 2400
5.155914 2401
5.157994 2402
5.160074 2403
5.162154 2404
5.164234 2405
5.166314 2406
5.168394 2407
5.170474 2408
5.172554 2409
5.174634 2410
5.176714 2411
5.178794 2412
5.180874 2413
5.182954 2414
5.185034 2415
5.187114 2416
5.189194 2417
5.191274 2418
5.193354 2419
5.195434 2420
5.197514 2421
5.199594 2422
5.201674 2423
5.203754 2424
5.205834 2425
5.207914 2426
5.209994 2427
5.212074 2428
5.214154 2429
5.216234 2430
5.218314 2431
5.220394 2432
5.222474 2433
5.224554 2434
5.226634 2435
5.228714 2436
5.230794 2437
5.232874 2438
5.234954 2439
5.237034 2440
5.239114 2441
5.241194 2442
5.243274 2443
5.245354 2444
5.247434 2445
5.249514 2446
5.251594 2447
5.253674 2448
5.255754 2449
5.257834 2450
5.259914 2451
5.261994 2452
5.264074 2453
5.266154 2454
5.268234 2455
5.270314 2456
5.272394 2457
5.274474 2458
5.276554 2459
5.278634 2460
5.280714 2461
5.282794 2462
5.284874 2463
5.286954 2464
5.289034 2465
5.291114 2466
5.293194 2467
5.295274 2468
5.297354 2469
5.299434 2470
5.301514 2471
5.303594 2472
5.305674 2473
5.307754 2474
5.309834 2475
5.311914 2476
5.313994 2477
5.316074 2478
5.318154 2479
5.320234 2480
5.322314 2481
5.324394 2482
5.326474 2483
5.328554 2484
5.330634 2485
5.332714 2486
5.334794 2487
5.336874 2488
5.338954 2489
5.341034 2490
5.343114 2491
5.345194 2492
5.347274 2493
5.349354 2494
5.351434 2495
5.353514 2496
5.355594 2497
5.357674 2498
5.359754 2499
5.361834 2500
5.363914 2501
5.365994 2502
5.368074 2503
5.370154 2504
5.372234 2505
5.374314 2506
5.376394 2507
5.378474 2508
5.380554 2509
5.382634 2510
5.384714 2511
5.386794 2512
5.388874 2513
5.390954 2514
5.393034 2515
5.395114 2516
5.397194 2517
5.399274 2518
5.401354 2519
5.403434 2520
5.405514 2521
5.407594 2522
5.409674 2523
5.411754 2524
5.413834 2525
5.415914 2526
5.417994 2527
5.420074 2528
5.422154 2529
5.424234 2530
5.426314 2531
5.428394 2532
5.430474 2533
5.432554 2534
5.434634 2535
5.436714 2536
5.438794 2537
5.440874 2538
5.442954 2539
5.445034 2540
5.447114 2541
5.449194 2542
5.451274 2543
5.453354 2544
5.455434 2545
5.457514 2546
5.459594 2547
5.461674 2548
5.463754 2549
5.465834 2550
5.467914 2551
5.469994 2552
5.472074 2553
5.474154 2554
5.476234 2555
5.478314 2556
5.480394 2557
5.482474 2558
5.484554 2559
5.486634 2560
5.488714 2561
5.490794 2562
5.492874 2563
5.494954 2564
5.497034 2565
5.499114 2566
5.501194 2567
5.503274 2568
5.505354 2569
5.507434 2570
5.509514 2571
5.511594 2572
5.513674 2573
5.515754 2574
5.517834 2575
5.519914 2576
5.521994 2577
5.524074 2578
5.526154 2579
5.528234 2580
5.530314 2581
5.532394 2582
5.534474 2583
5.536554 2584
5.538634 2585
5.540714 2586
5.542794 2587
5.544874 2588
5.546954 2589
5.549034 2590
5.551114 2591
5.553194 2592
5.555274 2593
5.557354 2594
5.559434 2595
5.561514 2596
5.563594 2597
5.565674 2598
5.567754 2599
5.569834 2600
5.571914 2601
5.573994 2602
5.576074 2603
5.578154 2604
5.580234 2605
5.582314 2606
5.584394 2607
5.586474 2608
5.588554 2609
5.590634 2610
5.592714 2611
5.594794 2612
5.596874 2613
5.598954 2614
5.601034 2615
5.603114 2616
5.605194 2617
5.607274 2618
5.609354 2619
5.611434 2620
5.613514 2621
5.615594 2622
5.617674 2623
5.619754 2624
5.621834 2625
5.623914 2626
5.625994 2627
5.628074 2628
5.630154 2629
5.632234 2630
5.634314 2631
5.636394 2632
5.638474 2633
5.640554 2634
5.642634 2635
5.644714 2636
5.646794 2637
5.648874 2638
5.650954 2639
5.653034 2640
5.655114 2641
5.657194 2642
5.659274 2643
5.661354 2644
5.663434 2645
5.665514 2646
5.667594 2647
5.669674 2648
5.671754 2649
5.673834 2650
5.675914 2651
5.677994 2652
5.680074 2653
5.682154 2654
5.684234 2655
5.686314 2656
5.688394 2657
5.690474 2658
5.692554 2659
5.694634 2660
5.696714 2661
5.698794 2662
5.700874 2663
5.702954 2664
5.705034 2665
5.707114 2666
5.709194 2667
5.711274 2668
5.713354 2669
5.715434 2670
5.717514 2671
5.719594 2672
5.721674 2673
5.723754 2674
5.725834 2675
5.727914 2676
5.729994 2677
5.732074 2678
5.734154 2679
5.736234 2680
5.738314 2681
5.740394 2682
5.742474 2683
5.744554 2684
5.746634 2685
5.748714 2686
5.750794 2687
5.752874 2688
5.754954 2689
5.757034 2690
5.759114 2691
5.761194 2692
5.763274 2693
5.765354 2694
5.767434 2695
5.769514 2696
5.771594 2697
5.773674 2698
5.775754 2699
5.777834 2700
5.779914 2701
5.781994 2702
5.784074 2703
5.786154 2704
5.788234 2705
5.790314 2706
5.792394 2707
5.794474 2708
5.796554 2709
5.798634 2710
5.800714 2711
5.802794 2712
5.804874 2713
5.806954 2714
5.809034 2715
5.811114 2716
5.813194 2717
5.815274 2718
5.817354 2719
5.819434 2720
5.821514 2721
5.823594 2722
5.825674 2723
5.827754 2724
5.829834 2725
5.831914 2726
5.833994 2727
5.836074 2728
5.838154 2729
5.840234 2730
5.842314 2731
5.844394 2732
5.846474 2733
5.848554 2734
5.850634 2735
5.852714 2736
5.854794 2737
5.856874 2738
5.858954 2739
5.861034 2740
5.863114 2741
5.865194 2742
5.867274 2743
5.869354 2744
5.871434 2745
5.873514 2746
5.875594 2747
5.877674 2748
5.879754 2749
5.881834 2750
5.883914 2751
5.885994 2752
5.888074 2753
5.890154 2754
5.892234 2755
5.894314 2756
5.896394 2757
5.898474 2758
5.900554 2759
5.902634 2760
5.904714 2761
5.906794 2762
5.908874 2763
5.910954 2764
5.913034 2765
5.915114 2766
5.917194 2767
5.919274 2768
5.921354 2769
5.923434 2770
5.925514 2771
5.927594 2772
5.929674 2773
5.931754 2774
5.933834 2775
5.935914 2776
5.937994 2777
5.940074 2778
5.942154 2779
5.944234 2780
5.946314 2781
5.948394 2782
5.950474 2783
5.952554 2784
5.954634 2785
5.956714 2786
5.958794 2787
5.960874 2788
5.962954 2789
5.965034 2790
5.967114 2791
5.969194 2792
5.971274 2793
5.973354 2794
5.975434 2795
5.977514 2796
5.979594 2797
5.981674 2798
5.983754 2799
5.985834 2800
5.987914 2801
5.989994 2802
5.992074 2803
5.994154 2804
5.996234 2805
5.998314 2806
6.000394 2807
6.002474 2808
6.004554 2809
6.006634 2810
6.008714 2811
6.010794 2812
6.012874 2813
6.014954 2814
6.017034 2815
6.019114 2816
6.021194 2817
6.023274 2818
6.025354 2819
6.027434 2820
6.029514 2821
6.031594 2822
6.033674 2823
6.035754 2824
6.037834 2825
6.039914 2826
6.041994 2827
6.044074 2828
6.046154 2829
6.048234 2830
6.050314 2831
6.052394 2832
6.054474 2833
6.056554 2834
6.058634 2835
6.060714 2836
6.062794 2837
6.064874 2838
6.066954 2839
6.069034 2840
6.071114 2841
6.073194 2842
6.075274 2843
6.077354 2844
6.079434 2845
6.081514 2846
6.083594 2847
6.085674 2848
6.087754 2849
6.089834 2850
6.091914 2851
6.093994 2852
6.096074 2853
6.098154 2854
6.100234 2855
6.102314 2856
6.104394 2857
6.106474 2858
6.108554 2859
6.110634 2860
6.112714 2861
6.114794 2862
6.116874 2863
6.118954 2864
6.121034 2865
6.123114 2866
6.125194 2867
6.127274 2868
6.129354 2869
6.131434 2870
6.133514 2871
6.135594 2872
6.137674 2873
6.139754 2874
6.141834 2875
6.143914 2876
6.145994 2877
6.148074 2878
6.150154 2879
6.152234 2880
6.154314 2881
6.156394 2882
6.158474 2883
6.160554 2884
6.162634 2885
6.164714 2886
6.166794 2887
6.168874 2888
6.170954 2889
6.173034 2890
6.175114 2891
6.177194 2892
6.179274 2893
6.181354 2894
6.183434 2895
6.185514 2896
6.187594 2897
6.189674 2898
6.191754 2899
6.193834 2900
6.195914 2901
6.197994 2902
6.200074 2903
6.202154 2904
6.204234 2905
6.206314 2906
6.208394 2907
6.210474 2908
6.212554 2909
6.214634 2910
6.216714 2911
6.218794 2912
6.220874 2913
6.222954 2914
6.225034 2915
6.227114 2916
6.229194 2917
6.231274 2918
6.233354 2919
6.235434 2920
6.237514 2921
6.239594 2922
6.241674 2923
6.243754 2924
6.245834 2925
6.247914 2926
6.249994 2927
6.252074 2928
6.254154 2929
6.256234 2930
6.258314 2931
6.260394 2932
6.262474 2933
6.264554 2934
6.266634 2935
6.268714 2936
6.270794 2937
6.272874 2938
6.274954 2939
6.277034 2940
6.279114 2941
6.281194 2942
6.283274 2943
6.285354 2944
6.287434 2945
6.289514 2946
6.291594 2947
6.293674 2948
6.295754 2949
6.297834 2950
6.299914 2951
6.301994 2952
6.304074 2953
6.306154 2954
6.308234 2955
6.310314 2956
6.312394 2957
6.314474 2958
6.316554 2959
6.318634 2960
6.320714 2961
6.322794 2962
6.324874 2963
6.326954 2964
6.329034 2965
6.331114 2966
6.333194 2967
6.335274 2968
6.337354 2969
6.339434 2970
6.341514 2971
6.343594 2972
6.345674 2973
6.347754 2974
6.349834 2975
6.351914 2976
6.353994 2977
6.356074 2978
6.358154 2979
6.360234 2980
6.362314 2981
6.364394 2982
6.366474 2983
6.368554 2984
6.370634 2985
6.372714 2986
6.374794 2987
6.376874 2988
6.378954 2989
6.381034 2990
6.383114 2991
6.385194 2992
6.387274 2993
6.389354 2994
6.391434 2995
6.393514 2996
6.395594 2997
6.397674 2998
6.399754 2999
6.401834 3000
6.403914 3001
6.405994 3002
6.408074 3003
6.410154 3004
6.412234 3005
6.414314 3006
6.416394 3007
6.418474 3008
6.420554 3009
6.422634 3010
6.424714 3011
6.426794 3012
6.428874 3013
6.430954 3014
6.433034 3015
6.435114 3016
6.437194 3017
6.439274 3018
6.441354 3019
6.443434 3020
6.445514 3021
6.447594 3022
6.449674 3023
6.451754 3024
6.453834 3025
6.455914 3026
6.457994 3027
6.460074 3028
6.462154 3029
6.464234 3030
6.466314 3031
6.468394 3032
6.470474 3033
6.472554 3034
6.474634 3035
6.476714 3036
6.478794 3037
6.480874 3038
6.482954 3039
6.485034 3040
6.487114 3041
6.489194 3042
6.491274 3043
6.493354 3044
6.495434 3045
6.497514 3046
6.499594 3047
6.501674 3048
6.503754 3049
6.505834 3050
6.507914 3051
6.509994 3052
6.512074 3053
6.514154 3054
6.516234 3055
6.518314 3056
6.520394 3057
6.522474 3058
6.524554 3059
6.526634 3060
6.528714 3061
6.530794 3062
6.532874 3063
6.534954 3064
6.537034 3065
6.539114 3066
6.541194 3067
6.543274 3068
6.545354 3069
6.547434 3070
6.549514 3071
6.551594 3072
6.553674 3073
6.555754 3074
6.557834 3075
6.559914 3076
6.561994 3077
6.564074 3078
6.566154 3079
6.568234 3080
6.570314 3081
6.572394 3082
6.574474 3083
6.576554 3084
6.578634 3085
6.580714 3086
6.582794 3087
6.584874 3088
6.586954 3089
6.589034 3090
6.591114 3091
6.593194 3092
6.595274 3093
6.597354 3094
6.599434 3095
6.601514 3096
6.603594 3097
6.605674 3098
6.607754 3099
6.609834 3100
6.611914 3101
6.613994 3102
6.616074 3103
6.618154 3104
6.620234 3105
6.622314 3106
6.624394 3107
6.626474 3108
6.628554 3109
6.630634 3110
6.632714 3111
6.634794 3112
6.636874 3113
6.638954 3114
6.641034 3115
6.643114 3116
6.645194 3117
6.647274 3118
6.649354 3119
6.651434 3120
6.653514 3121
6.655594 3122
6.657674 3123
6.659754 3124
6.661834 3125
6.663914 3126
6.665994 3127
6.668074 3128
6.670154 3129
6.672234 3130
6.674314 3131
6.676394 3132
6.678474 3133
6.680554 3134
6.682634 3135
6.684714 3136
6.686794 3137
6.688874 3138
6.690954 3139
6.693034 3140
6.695114 3141
6.697194 3142
6.699274 3143
6.701354 3144
6.703434 3145
6.705514 3146
6.707594 3147
6.709674 3148
6.711754 3149
6.713834 3150
6.715914 3151
6.717994 3152
6.720074 3153
6.722154 3154
6.724234 3155
6.726314 3156
6.728394 3157
6.730474 3158
6.732554 3159
6.734634 3160
6.736714 3161
6.738794 3162
6.740874 3163
6.742954 3164
6.745034 3165
6.747114 3166
6.749194 3167
6.751274 3168
6.753354 3169
6.755434 3170
6.757514 3171
6.759594 3172
6.761674 3173
6.763754 3174
6.765834 3175
6.767914 3176
6.769994 3177
6.772074 3178
6.774154 3179
6.776234 3180
6.778314 3181
6.780394 3182
6.782474 3183
6.784554 3184
6.786634 3185
6.788714 3186
6.790794 3187
6.792874 3188
6.794954 3189
6.797034 3190
6.799114 3191
6.801194 3192
6.803274 3193
6.805354 3194
6.807434 3195
6.809514 3196
6.811594 3197
6.813674 3198
6.815754 3199
6.817834 3200
6.819914 3201
6.821994 3202
6.824074 3203
6.826154 3204
6.828234 3205
6.830314 3206
6.832394 3207
6.834474 3208
6.836554 3209
6.838634 3210
6.840714 3211
6.842794 3212
6.844874 3213
6.846954 3214
6.849034 3215
6.851114 3216
6.853194 3217
6.855274 3218
6.857354 3219
6.859434 3220
6.861514 3221
6.863594 3222
6.865674 3223
6.867754 3224
6.869834 3225
6.871914 3226
6.873994 3227
6.876074 3228
6.878154 3229
6.880234 3230
6.882314 3231
6.884394 3232
6.886474 3233
6.888554 3234
6.890634 3235
6.892714 3236
6.894794 3237
6.896874 3238
6.898954 3239
6.901034 3240
6.903114 3241
6.905194 3242
6.907274 3243
6.909354 3244
6.911434 3245
6.913514 3246
6.915594 3247
6.917674 3248
6.919754 3249
6.921834 3250
6.923914 3251
6.925994 3252
6.928074 3253
6.930154 3254
6.932234 3255
6.934314 3256
6.936394 3257
6.938474 3258
6.940554 3259
6.942634 3260
6.944714 3261
6.946794 3262
6.948874 3263
6.950954 3264
6.953034 3265
6.955114 3266
6.957194 3267
6.959274 3268
6.961354 3269
6.963434 3270
6.965514 3271
6.967594 3272
6.969674 3273
6.971754 3274
6.973834 3275
6.975914 3276
6.977994 3277
6.980074 3278
6.982154 3279
6.984234 3280
6.986314 3281
6.988394 3282
6.990474 3283
6.992554 3284
6.994634 3285
6.996714 3286
6.998794 3287
7.000874 3288
7.002954 3289
7.005034 3290
7.007114 3291
7.009194 3292
7.011274 3293
7.013354 3294
7.015434 3295
7.017514 3296
7.019594 3297
7.021674 3298
7.023754 3299
7.025834 3300
7.027914 3301
7.029994 3302
7.032074 3303
7.034154 3304
7.036234 3305
7.038314 3306
7.040394 3307
7.042474 3308
7.044554 3309
7.046634 3310
7.048714 3311
7.050794 3312
7.052874 3313
7.054954 3314
7.057034 3315
7.059114 3316
7.061194 3317
7.063274 3318
7.065354 3319
7.067434 3320
7.069514 3321
7.071594 3322
7.073674 3323
7.075754 3324
7.077834 3325
7.079914 3326
7.081994 3327
7.084074 3328
7.086154 3329
7.088234 3330
7.090314 3331
7.092394 3332
7.094474 3333
7.096554 3334
7.098634 3335
7.100714 3336
7.102794 3337
7.104874 3338
7.106954 3339
7.109034 3340
7.111114 3341
7.113194 3342
7.115274 3343
7.117354 3344
7.119434 3345
7.121514 3346
7.123594 3347
7.125674 3348
7.127754 3349
7.129834 3350
7.131914 3351
7.133994 3352
7.136074 3353
7.138154 3354
7.140234 3355
7.142314 3356
7.144394 3357
7.146474 3358
7.148554 3359
7.150634 3360
7.152714 3361
7.154794 3362
7.156874 3363
7.158954 3364
7.161034 3365
7.163114 3366
7.165194 3367
7.167274 3368
7.169354 3369
7.171434 3370
7.173514 3371
7.175594 3372
7.177674 3373
7.179754 3374
7.181834 3375
7.183914 3376
7.185994 3377
7.188074 3378
7.190154 3379
7.192234 3380
7.194314 3381
7.196394 3382
7.198474 3383
7.200554 3384
7.202634 3385
7.204714 3386
7.206794 3387
7.208874 3388
7.210954 3389
7.213034 3390
7.215114 3391
7.217194 3392
7.219274 3393
7.221354 3394
7.223434 3395
7.225514 3396
7.227594 3397
7.229674 3398
7.231754 3399
7.233834 3400
7.235914 3401
7.237994 3402
7.240074 3403
7.242154 3404
7.244234 3405
7.246314 3406
7.248394 3407
7.250474 3408
7.252554 3409
7.254634 3410
7.256714 3411
7.258794 3412
7.260874 3413
7.262954 3414
7.265034 3415
7.267114 3416
7.269194 3417
7.271274 3418
7.273354 3419
7.275434 3420
7.277514 3421
7.279594 3422
7.281674 3423
7.283754 3424
7.285834 3425
7.287914 3426
7.289994 3427
7.292074 3428
7.294154 3429
7.296234 3430
7.298314 3431
7.300394 3432
7.302474 3433
7.304554 3434
7.306634 3435
7.308714 3436
7.310794 3437
7.312874 3438
7.314954 3439
7.317034 3440
7.319114 3441
7.321194 3442
7.323274 3443
7.325354 3444
7.327434 3445
7.329514 3446
7.331594 3447
7.333674 3448
7.335754 3449
7.337834 3450
7.339914 3451
7.341994 3452
7.344074 3453
7.346154 3454
7.348234 3455
7.350314 3456
7.352394 3457
7.354474 3458
7.356554 3459
7.358634 3460
7.360714 3461
7.362794 3462
7.364874 3463
7.366954 3464
7.369034 3465
7.371114 3466
7.373194 3467
7.375274 3468
7.377354 3469
7.379434 3470
7.381514 3471
7.383594 3472
7.385674 3473
7.387754 3474
7.389834 3475
7.391914 3476
7.393994 3477
7.396074 3478
7.398154 3479
7.400234 3480
7.402314 3481
7.404394 3482
7.406474 3483
7.408554 3484
7.410634 3485
7.412714 3486
7.414794 3487
7.416874 3488
7.418954 3489
7.421034 3490
7.423114 3491
7.425194 3492
7.427274 3493
7.429354 3494
7.431434 3495
7.433514 3496
7.435594 3497
7.437674 3498
7.439754 3499
7.441834 3500
7.443914 3501
7.445994 3502
7.448074 3503
7.450154 3504
7.452234 3505
7.454314 3506
7.456394 3507
7.458474 3508
7.460554 3509
7.462634 3510
7.464714 3511
7.466794 3512
7.468874 3513
7.470954 3514
7.473034 3515
7.475114 3516
7.477194 3517
7.479274 3518
7.481354 3519
7.483434 3520
7.485514 3521
7.487594 3522
7.489674 3523
7.491754 3524
7.493834 3525
7.495914 3526
7.497994 3527
7.500074 3528
7.502154 3529
7.504234 3530
7.506314 3531
7.508394 3532
7.510474 3533
7.512554 3534
7.514634 3535
7.516714 3536
7.518794 3537
7.520874 3538
7.522954 3539
7.525034 3540
7.527114 3541
7.529194 3542
7.531274 3543
7.533354 3544
7.535434 3545
7.537514 3546
7.539594 3547
7.541674 3548
7.543754 3549
7.545834 3550
7.547914 3551
7.549994 3552
7.552074 3553
7.554154 3554
7.556234 3555
7.558314 3556
7.560394 3557
7.562474 3558
7.564554 3559
7.566634 3560
7.568714 3561
7.570794 3562
7.572874 3563
7.574954 3564
7.577034 3565
7.579114 3566
7.581194 3567
7.583274 3568
7.585354 3569
7.587434 3570
7.589514 3571
7.591594 3572
7.593674 3573
7.595754 3574
7.597834 3575
7.599914 3576
7.601994 3577
7.604074 3578
7.606154 3579
7.608234 3580
7.610314 3581
7.612394 3582
7.614474 3583
7.616554 3584
7.618634 3585
7.620714 3586
7.622794 3587
7.624874 3588
7.626954 3589
7.629034 3590
7.631114 3591
7.633194 3592
7.635274 3593
7.637354 3594
7.639434 3595
7.641514 3596
7.643594 3597
7.645674 3598
7.647754 3599
7.649834 3600
7.651914 3601
7.653994 3602
7.656074 3603
7.658154 3604
7.660234 3605
7.662314 3606
7.664394 3607
7.666474 3608
7.668554 3609
7.670634 3610
7.672714 3611
7.674794 3612
7.676874 3613
7.678954 3614
7.681034 3615
7.683114 3616
7.685194 3617
7.687274 3618
7.689354 3619
7.691434 3620
7.693514 3621
7.695594 3622
7.697674 3623
7.699754 3624
7.701834 3625
7.703914 3626
7.705994 3627
7.708074 3628
7.710154 3629
7.712234 3630
7.714314 3631
7.716394 3632
7.718474 3633
7.720554 3634
7.722634 3635
7.724714 3636
7.726794 3637
7.728874 3638
7.730954 3639
7.733034 3640
7.735114 3641
7.737194 3642
7.739274 3643
7.741354 3644
7.743434 3645
7.745514 3646
7.747594 3647
7.749674 3648
7.751754 3649
7.753834 3650
7.755914 3651
7.757994 3652
7.760074 3653
7.762154 3654
7.764234 3655
7.766314 3656
7.768394 3657
7.770474 3658
7.772554 3659
7.774634 3660
7.776714 3661
7.778794 3662
7.780874 3663
7.782954 3664
7.785034 3665
7.787114 3666
7.789194 3667
7.791274 3668
7.793354 3669
7.795434 3670
7.797514 3671
7.799594 3672
7.801674 3673
7.803754 3674
7.805834 3675
7.807914 3676
7.809994 3677
7.812074 3678
7.814154 3679
7.816234 3680
7.818314 3681
7.820394 3682
7.822474 3683
7.824554 3684
7.826634 3685
7.828714 3686
7.830794 3687
7.832874 3688
7.834954 3689
7.837034 3690
7.839114 3691
7.841194 3692
7.843274 3693
7.845354 3694
7.847434 3695
7.849514 3696
7.851594 3697
7.853674 3698
7.855754 3699
7.857834 3700
7.859914 3701
7.861994 3702
7.864074 3703
7.866154 3704
7.868234 3705
7.870314 3706
7.872394 3707
7.874474 3708
7.876554 3709
7.878634 3710
7.880714 3711
7.882794 3712
7.884874 3713
7.886954 3714
7.889034 3715
7.891114 3716
7.893194 3717
7.895274 3718
7.897354 3719
7.899434 3720
7.901514 3721
7.903594 3722
7.905674 3723
7.907754 3724
7.909834 3725
7.911914 3726
7.913994 3727
7.916074 3728
7.918154 3729
7.920234 3730
7.922314 3731
7.924394 3732
7.926474 3733
7.928554 3734
7.930634 3735
7.932714 3736
7.934794 3737
7.936874 3738
7.938954 3739
7.941034 3740
7.943114 3741
7.945194 3742
7.947274 3743
7.949354 3744
7.951434 3745
7.953514 3746
7.955594 3747
7.957674 3748
7.959754 3749
7.961834 3750
7.963914 3751
7.965994 3752
7.968074 3753
7.970154 3754
7.972234 3755
7.974314 3756
7.976394 3757
7.978474 3758
7.980554 3759
7.982634 3760
7.984714 3761
7.986794 3762
7.988874 3763
7.990954 3764
7.993034 3765
7.995114 3766
7.997194 3767
7.999274 3768
8.001354 3769
8.003434 3770
8.005514 3771
8.007594 3772
8.009674 3773
8.011754 3774
8.013834 3775
8.015914 3776
8.017994 3777
8.020074 3778
8.022154 3779
8.024234 3780
8.026314 3781
8.028394 3782
8.030474 3783
8.032554 3784
8.034634 3785
8.036714 3786
8.038794 3787
8.040874 3788
8.042954 3789
8.045034 3790
8.047114 3791
8.049194 3792
8.051274 3793
8.053354 3794
8.055434 3795
8.057514 3796
8.059594 3797
8.061674 3798
8.063754 3799
8.065834 3800
8.067914 3801
8.069994 3802
8.072074 3803
8.074154 3804
8.076234 3805
8.078314 3806
8.080394 3807
8.082474 3808
8.084554 3809
8.086634 3810
8.088714 3811
8.090794 3812
8.092874 3813
8.094954 3814
8.097034 3815
8.099114 3816
8.101194 3817
8.103274 3818
8.105354 3819
8.107434 3820
8.109514 3821
8.111594 3822
8.113674 3823
8.115754 3824
8.117834 3825
8.119914 3826
8.121994 3827
8.124074 3828
8.126154 3829
8.128234 3830
8.130314 3831
8.132394 3832
8.134474 3833
8.136554 3834
8.138634 3835
8.140714 3836
8.142794 3837
8.144874 3838
8.146954 3839
8.149034 3840
8.151114 3841
8.153194 3842
8.155274 3843
8.157354 3844
8.159434 3845
8.161514 3846
8.163594 3847
8.165674 3848
8.167754 3849
8.169834 3850
8.171914 3851
8.173994 3852
8.176074 3853
8.178154 3854
8.180234 3855
8.182314 3856
8.184394 3857
8.186474 3858
8.188554 3859
8.190634 3860
8.192714 3861
8.194794 3862
8.196874 3863
8.198954 3864
8.201034 3865
8.203114 3866
8.205194 3867
8.207274 3868
8.209354 3869
8.211434 3870
8.213514 3871
8.215594 3872
8.217674 3873
8.219754 3874
8.221834 3875
8.223914 3876
8.225994 3877
8.228074 3878
8.230154 3879
8.232234 3880
8.234314 3881
8.236394 3882
8.238474 3883
8.240554 3884
8.242634 3885
8.244714 3886
8.246794 3887
8.248874 3888
8.250954 3889
8.253034 3890
8.255114 3891
8.257194 3892
8.259274 3893
8.261354 3894
8.263434 3895
8.265514 3896
8.267594 3897
8.269674 3898
8.271754 3899
8.273834 3900
8.275914 3901
8.277994 3902
8.280074 3903
8.282154 3904
8.284234 3905
8.286314 3906
8.288394 3907
8.290474 3908
8.292554 3909
8.294634 3910
8.296714 3911
8.298794 3912
8.300874 3913
8.302954 3914
8.305034 3915
8.307114 3916
8.309194 3917
8.311274 3918
8.313354 3919
8.315434 3920
8.317514 3921
8.319594 3922
8.321674 3923
8.323754 3924
8.325834 3925
8.327914 3926
8.329994 3927
8.332074 3928
8.334154 3929
8.336234 3930
8.338314 3931
8.340394 3932
8.342474 3933
8.344554 3934
8.346634 3935
8.348714 3936
8.350794 3937
8.352874 3938
8.354954 3939
8.357034 3940
8.359114 3941
8.361194 3942
8.363274 3943
8.365354 3944
8.367434 3945
8.369514 3946
8.371594 3947
8.373674 3948
8.375754 3949
8.377834 3950
8.379914 3951
8.381994 3952
8.384074 3953
8.386154 3954
8.388234 3955
8.390314 3956
8.392394 3957
8.394474 3958
8.396554 3959
8.398634 3960
8.400714 3961
8.402794 3962
8.404874 3963
8.406954 3964
8.409034 3965
8.411114 3966
8.413194 3967
8.415274 3968
8.417354 3969
8.419434 3970
8.421514 3971
8.423594 3972
8.425674 3973
8.427754 3974
8.429834 3975
8.431914 3976
8.433994 3977
8.436074 3978
8.438154 3979
8.440234 3980
8.442314 3981
8.444394 3982
8.446474 3983
8.448554 3984
8.450634 3985
8.452714 3986
8.454794 3987
8.456874 3988
8.458954 3989
8.461034 3990
8.463114 3991
8.465194 3992
8.467274 3993
8.469354 3994
8.471434 3995
8.473514 3996
8.475594 3997
8.477674 3998
8.479754 3999
8.481834 4000
8.483914 4001
8.485994 4002
8.488074 4003
8.490154 4004
8.492234 4005
8.494314 4006
8.496394 4007
8.498474 4008
8.500554 4009
8.502634 4010
8.504714 4011
8.506794 4012
8.508874 4013
8.510954 4014
8.513034 4015
8.515114 4016
8.517194 4017
8.519274 4018
8.521354 4019
8.523434 4020
8.525514 4021
8.527594 4022
8.529674 4023
8.531754 4024
8.533834 4025
8.535914 4026
8.537994 4027
8.540074 4028
8.542154 4029
8.544234 4030
8.546314 4031
8.548394 4032
8.550474 4033
8.552554 4034
8.554634 4035
8.556714 4036
8.558794 4037
8.560874 4038
8.562954 4039
8.565034 4040
8.567114 4041
8.569194 4042
8.571274 4043
8.573354 4044
8.575434 4045
8.577514 4046
8.579594 4047
8.581674 4048
8.583754 4049
8.585834 4050
8.587914 4051
8.589994 4052
8.592074 4053
8.594154 4054
8.596234 4055
8.598314 4056
8.600394 4057
8.602474 4058
8.604554 4059
8.606634 4060
8.608714 4061
8.610794 4062
8.612874 4063
8.614954 4064
8.617034 4065
8.619114 4066
8.621194 4067
8.623274 4068
8.625354 4069
8.627434 4070
8.629514 4071
8.631594 4072
8.633674 4073
8.635754 4074
8.637834 4075
8.639914 4076
8.641994 4077
8.644074 4078
8.646154 4079
8.648234 4080
8.650314 4081
8.652394 4082
8.654474 4083
8.656554 4084
8.658634 4085
8.660714 4086
8.662794 4087
8.664874 4088
8.666954 4089
8.669034 4090
8.671114 4091
8.673194 4092
8.675274 4093
8.677354 4094
8.679434 4095
8.681514 4096
8.683594 4097
8.685674 4098
8.687754 4099
8.689834 4100
8.691914 4101
8.693994 4102
8.696074 4103
8.698154 4104
8.700234 4105
8.702314 4106
8.704394 4107
8.706474 4108
8.708554 4109
8.710634 4110
8.712714 4111
8.714794 4112
8.716874 4113
8.718954 4114
8.721034 4115
8.723114 4116
8.725194 4117
8.727274 4118
8.729354 4119
8.731434 4120
8.733514 4121
8.735594 4122
8.737674 4123
8.739754 4124
8.741834 4125
8.743914 4126
8.745994 4127
8.748074 4128
8.750154 4129
8.752234 4130
8.754314 4131
8.756394 4132
8.758474 4133
8.760554 4134
8.762634 4135
8.764714 4136
8.766794 4137
8.768874 4138
8.770954 4139
8.773034 4140
8.775114 4141
8.777194 4142
8.779274 4143
8.781354 4144
8.783434 4145
8.785514 4146
8.787594 4147
8.789674 4148
8.791754 4149
8.793834 4150
8.795914 4151
8.797994 4152
8.800074 4153
8.802154 4154
8.804234 4155
8.806314 4156
8.808394 4157
8.810474 4158
8.812554 4159
8.814634 4160
8.816714 4161
8.818794 4162
8.820874 4163
8.822954 4164
8.825034 4165
8.827114 4166
8.829194 4167
8.831274 4168
8.833354 4169
8.835434 4170
8.837514 4171
8.839594 4172
8.841674 4173
8.843754 4174
8.845834 4175
8.847914 4176
8.849994 4177
8.852074 4178
8.854154 4179
8.856234 4180
8.858314 4181
8.860394 4182
8.862474 4183
8.864554 4184
8.866634 4185
8.868714 4186
8.870794 4187
8.872874 4188
8.874954 4189
8.877034 4190
8.879114 4191
8.881194 4192
8.883274 4193
8.885354 4194
8.887434 4195
8.889514 4196
8.891594 4197
8.893674 4198
8.895754 4199
8.897834 4200
8.899914 4201
8.901994 4202
8.904074 4203
8.906154 4204
8.908234 4205
8.910314 4206
8.912394 4207
8.914474 4208
8.916554 4209
8.918634 4210
8.920714 4211
8.922794 4212
8.924874 4213
8.926954 4214
8.929034 4215
8.931114 4216
8.933194 4217
8.935274 4218
8.937354 4219
8.939434 4220
8.941514 4221
8.943594 4222
8.945674 4223
8.947754 4224
8.949834 4225
8.951914 4226
8.953994 4227
8.956074 4228
8.958154 4229
8.960234 4230
8.962314 4231
8.964394 4232
8.966474 4233
8.968554 4234
8.970634 4235
8.972714 4236
8.974794 4237
8.976874 4238
8.978954 4239
8.981034 4240
8.983114 4241
8.985194 4242
8.987274 4243
8.989354 4244
8.991434 4245
8.993514 4246
8.995594 4247
8.997674 4248
8.999754 4249
9.001834 4250
9.003914 4251
9.005994 4252
9.008074 4253
9.010154 4254
9.012234 4255
9.014314 4256
9.016394 4257
9.018474 4258
9.020554 4259
9.022634 4260
9.024714 4261
9.026794 4262
9.028874 4263
9.030954 4264
9.033034 4265
9.035114 4266
9.037194 4267
9.039274 4268
9.041354 4269
9.043434 4270
9.045514 4271
9.047594 4272
9.049674 4273
9.051754 4274
9.053834 4275
9.055914 4276
9.057994 4277
9.060074 4278
9.062154 4279
9.064234 4280
9.066314 4281
9.068394 4282
9.070474 4283
9.072554 4284
9.074634 4285
9.076714 4286
9.078794 4287
9.080874 4288
9.082954 4289
9.085034 4290
9.087114 4291
9.089194 4292
9.091274 4293
9.093354 4294
9.095434 4295
9.097514 4296
9.099594 4297
9.101674 4298
9.103754 4299
9.105834 4300
9.107914 4301
9.109994 4302
9.112074 4303
9.114154 4304
9.116234 4305
9.118314 4306
9.120394 4307
9.122474 4308
9.124554 4309
9.126634 4310
9.128714 4311
9.130794 4312
9.132874 4313
9.134954 4314
9.137034 4315
9.139114 4316
9.141194 4317
9.143274 4318
9.145354 4319
9.147434 4320
9.149514 4321
9.151594 4322
9.153674 4323
9.155754 4324
9.157834 4325
9.159914 4326
9.161994 4327
9.164074 4328
9.166154 4329
9.168234 4330
9.170314 4331
9.172394 4332
9.174474 4333
9.176554 4334
9.178634 4335
9.180714 4336
9.182794 4337
9.184874 4338
9.186954 4339
9.189034 4340
9.191114 4341
9.193194 4342
9.195274 4343
9.197354 4344
9.199434 4345
9.201514 4346
9.203594 4347
9.205674 4348
9.207754 4349
9.209834 4350
9.211914 4351
9.213994 4352
9.216074 4353
9.218154 4354
9.220234 4355
9.222314 4356
9.224394 4357
9.226474 4358
9.228554 4359
9.230634 4360
9.232714 4361
9.234794 4362
9.236874 4363
9.238954 4364
9.241034 4365
9.243114 4366
9.245194 4367
9.247274 4368
9.249354 4369
9.251434 4370
9.253514 4371
9.255594 4372
9.257674 4373
9.259754 4374
9.261834 4375
9.263914 4376
9.265994 4377
9.268074 4378
9.270154 4379
9.272234 4380
9.274314 4381
9.276394 4382
9.278474 4383
9.280554 4384
9.282634 4385
9.284714 4386
9.286794 4387
9.288874 4388
9.290954 4389
9.293034 4390
9.295114 4391
9.297194 4392
9.299274 4393
9.301354 4394
9.303434 4395
9.305514 4396
9.307594 4397
9.309674 4398
9.311754 4399
9.313834 4400
9.315914 4401
9.317994 4402
9.320074 4403
9.322154 4404
9.324234 4405
9.326314 4406
9.328394 4407
9.330474 4408
9.332554 4409
9.334634 4410
9.336714 4411
9.338794 4412
9.340874 4413
9.342954 4414
9.345034 4415
9.347114 4416
9.349194 4417
9.351274 4418
9.353354 4419
9.355434 4420
9.357514 4421
9.359594 4422
9.361674 4423
9.363754 4424
9.365834 4425
9.367914 4426
9.369994 4427
9.372074 4428
9.374154 4429
9.376234 4430
9.378314 4431
9.380394 4432
9.382474 4433
9.384554 4434
9.386634 4435
9.388714 4436
9.390794 4437
9.392874 4438
9.394954 4439
9.397034 4440
9.399114 4441
9.401194 4442
9.403274 4443
9.405354 4444
9.407434 4445
9.409514 4446
9.411594 4447
9.413674 4448
9.415754 4449
9.417834 4450
9.419914 4451
9.421994 4452
9.424074 4453
9.426154 4454
9.428234 4455
9.430314 4456
9.432394 4457
9.434474 4458
9.436554 4459
9.438634 4460
9.440714 4461
9.442794 4462
9.444874 4463
9.446954 4464
9.449034 4465
9.451114 4466
9.453194 4467
9.455274 4468
9.457354 4469
9.459434 4470
9.461514 4471
9.463594 4472
9.465674 4473
9.467754 4474
9.469834 4475
9.471914 4476
9.473994 4477
9.476074 4478
9.478154 4479
9.480234 4480
9.482314 4481
9.484394 4482
9.486474 4483
9.488554 4484
9.490634 4485
9.492714 4486
9.494794 4487
9.496874 4488
9.498954 4489
9.501034 4490
9.503114 4491
9.505194 4492
9.507274 4493
9.509354 4494
9.511434 4495
9.513514 4496
9.515594 4497
9.517674 4498
9.519754 4499
9.521834 4500
9.523914 4501
9.525994 4502
9.528074 4503
9.530154 4504
9.532234 4505
9.534314 4506
9.536394 4507
9.538474 4508
9.540554 4509
9.542634 4510
9.544714 4511
9.546794 4512
9.548874 4513
9.550954 4514
9.553034 4515
9.555114 4516
9.557194 4517
9.559274 4518
9.561354 4519
9.563434 4520
9.565514 4521
9.567594 4522
9.569674 4523
9.571754 4524
9.573834 4525
9.575914 4526
9.577994 4527
9.580074 4528
9.582154 4529
9.584234 4530
9.586314 4531
9.588394 4532
9.590474 4533
9.592554 4534
9.594634 4535
9.596714 4536
9.598794 4537
9.600874 4538
9.602954 4539
9.605034 4540
9.607114 4541
9.609194 4542
9.611274 4543
9.613354 4544
9.615434 4545
9.617514 4546
9.619594 4547
9.621674 4548
9.623754 4549
9.625834 4550
9.627914 4551
9.629994 4552
9.632074 4553
9.634154 4554
9.636234 4555
9.638314 4556
9.640394 4557
9.642474 4558
9.644554 4559
9.646634 4560
9.648714 4561
9.650794 4562
9.652874 4563
9.654954 4564
9.657034 4565
9.659114 4566
9.661194 4567
9.663274 4568
9.665354 4569
9.667434 4570
9.669514 4571
9.671594 4572
9.673674 4573
9.675754 4574
9.677834 4575
9.679914 4576
9.681994 4577
9.684074 4578
9.686154 4579
9.688234 4580
9.690314 4581
9.692394 4582
9.694474 4583
9.696554 4584
9.698634 4585
9.700714 4586
9.702794 4587
9.704874 4588
9.706954 4589
9.709034 4590
9.711114 4591
9.713194 4592
9.715274 4593
9.717354 4594
9.719434 4595
9.721514 4596
9.723594 4597
9.725674 4598
9.727754 4599
9.729834 4600
9.731914 4601
9.733994 4602
9.736074 4603
9.738154 4604
9.740234 4605
9.742314 4606
9.744394 4607
9.746474 4608
9.748554 4609
9.750634 4610
9.752714 4611
9.754794 4612
9.756874 4613
9.758954 4614
9.761034 4615
9.763114 4616
9.765194 4617
9.767274 4618
9.769354 4619
9.771434 4620
9.773514 4621
9.775594 4622
9.777674 4623
9.779754 4624
9.781834 4625
9.783914 4626
9.785994 4627
9.788074 4628
9.790154 4629
9.792234 4630
9.794314 4631
9.796394 4632
9.798474 4633
9.800554 4634
9.802634 4635
9.804714 4636
9.806794 4637
9.808874 4638
9.810954 4639
9.813034 4640
9.815114 4641
9.817194 4642
9.819274 4643
9.821354 4644
9.823434 4645
9.825514 4646
9.827594 4647
9.829674 4648
9.831754 4649
9.833834 4650
9.835914 4651
9.837994 4652
9.840074 4653
9.842154 4654
9.844234 4655
9.846314 4656
9.848394 4657
9.850474 4658
9.852554 4659
9.854634 4660
9.856714 4661
9.858794 4662
9.860874 4663
9.862954 4664
9.865034 4665
9.867114 4666
9.869194 4667
9.871274 4668
9.873354 4669
9.875434 4670
9.877514 4671
9.879594 4672
9.881674 4673
9.883754 4674
9.885834 4675
9.887914 4676
9.889994 4677
9.892074 4678
9.894154 4679
9.896234 4680
9.898314 4681
9.900394 4682
9.902474 4683
9.904554 4684
9.906634 4685
9.908714 4686
9.910794 4687
9.912874 4688
9.914954 4689
9.917034 4690
9.919114 4691
9.921194 4692
9.923274 4693
9.925354 4694
9.927434 4695
