0.11115 1
0.138381 2
0.140461 3
0.165612 4
0.167692 5
0.169772 6
0.171852 7
0.178316 8
0.178399 9
0.178699 10
0.178782 11
0.180396 12
0.180779 13
0.180979 14
0.182011 15
0.183059 16
0.184091 17
0.185139 18
0.186171 19
0.192843 20
0.194923 21
0.197003 22
0.199083 23
0.201163 24
0.203243 25
0.205323 26
0.207403 27
0.220074 28
0.222154 29
0.224234 30
0.226314 31
0.228394 32
0.230474 33
0.232554 34
0.234634 35
0.236714 36
0.238794 37
0.240874 38
0.242954 39
0.245034 40
0.247114 41
0.249194 42
0.251274 43
0.253354 44
0.255434 45
0.257514 46
0.259594 47
0.261674 48
0.263754 49
0.265834 50
0.267914 51
0.269994 52
0.272074 53
0.274154 54
0.276234 55
0.278314 56
0.280394 57
0.282474 58
0.284554 59
0.286634 60
0.288714 61
0.290794 62
0.292874 63
0.294954 64
0.297034 65
0.299114 66
0.301194 67
0.303274 68
0.305354 69
0.307434 70
0.309514 71
0.311594 72
0.313674 73
0.315754 74
0.317834 75
0.319914 76
0.321994 77
0.324074 78
0.326154 79
0.328234 80
0.330314 81
0.332394 82
0.334474 83
0.336554 84
0.338634 85
0.340714 86
0.342794 87
0.344874 88
0.346954 89
0.349034 90
0.351114 91
0.353194 92
0.355274 93
0.357354 94
0.359434 95
0.361514 96
0.363594 97
0.365674 98
0.367754 99
0.369834 100
0.371914 101
0.373994 102
0.376074 103
0.378154 104
0.380234 105
0.382314 106
0.384394 107
0.386474 108
0.388554 109
0.390634 110
0.392714 111
0.394794 112
0.396874 113
0.398954 114
0.401034 115
0.403114 116
0.405194 117
0.407274 118
0.409354 119
0.411434 120
0.413514 121
0.415594 122
0.417674 123
0.419754 124
0.421834 125
0.423914 126
0.425994 127
0.428074 128
0.430154 129
0.432234 130
0.434314 131
0.436394 132
0.438474 133
0.440554 134
0.442634 135
0.444714 136
0.446794 137
0.448874 138
0.450954 139
0.453034 140
0.455114 141
0.457194 142
0.459274 143
0.461354 144
0.463434 145
0.465514 146
0.467594 147
0.469674 148
0.471754 149
0.473834 150
0.475914 151
0.477994 152
0.480074 153
0.482154 154
0.484234 155
0.486314 156
0.488394 157
0.490474 158
0.492554 159
0.494634 160
0.496714 161
0.498794 162
0.500874 163
0.502954 164
0.505034 165
0.507114 166
0.509194 167
0.511274 168
0.513354 169
0.515434 170
0.517514 171
0.519594 172
0.521674 173
0.523754 174
0.525834 175
0.527914 176
0.529994 177
0.532074 178
0.534154 179
0.536234 180
0.538314 181
0.540394 182
0.542474 183
0.544554 184
0.546634 185
0.548714 186
0.550794 187
0.552874 188
0.554954 189
0.557034 190
0.559114 191
0.561194 192
0.563274 193
0.565354 194
0.567434 195
0.569514 196
0.571594 197
0.573674 198
0.575754 199
0.577834 200
0.579914 201
0.581994 202
0.584074 203
0.586154 204
0.588234 205
0.590314 206
0.592394 207
0.594474 208
0.596554 209
0.598634 210
0.600714 211
0.602794 212
0.604874 213
0.606954 214
0.609034 215
0.611114 216
0.613194 217
0.615274 218
0.617354 219
0.619434 220
0.621514 221
0.623594 222
0.625674 223
0.627754 224
0.629834 225
0.631914 226
0.633994 227
0.636074 228
0.638154 229
0.640234 230
0.642314 231
0.644394 232
0.646474 233
0.648554 234
0.650634 235
0.652714 236
0.654794 237
0.656874 238
0.658954 239
0.661034 240
0.663114 241
0.665194 242
0.667274 243
0.669354 244
0.671434 245
0.673514 246
0.675594 247
0.677674 248
0.679754 249
0.681834 250
0.683914 251
0.685994 252
0.688074 253
0.690154 254
0.692234 255
0.694314 256
0.696394 257
0.698474 258
0.700554 259
0.702634 260
0.704714 261
0.706794 262
0.708874 263
0.710954 264
0.713034 265
0.715114 266
0.717194 267
0.719274 268
0.721354 269
0.723434 270
0.725514 271
0.727594 272
0.729674 273
0.731754 274
0.733834 275
0.735914 276
0.737994 277
0.740074 278
0.742154 279
0.744234 280
0.746314 281
0.748394 282
0.750474 283
0.752554 284
0.754634 285
0.756714 286
0.758794 287
0.760874 288
0.762954 289
0.765034 290
0.767114 291
0.769194 292
0.771274 293
0.773354 294
0.775434 295
0.777514 296
0.779594 297
0.781674 298
0.783754 299
0.785834 300
0.787914 301
0.789994 302
0.792074 303
0.794154 304
0.796234 305
0.798314 306
0.800394 307
0.802474 308
0.804554 309
0.806634 310
0.808714 311
0.810794 312
0.812874 313
0.814954 314
0.817034 315
0.819114 316
0.821194 317
0.823274 318
0.825354 319
0.827434 320
0.829514 321
0.831594 322
0.833674 323
0.835754 324
0.837834 325
0.839914 326
0.841994 327
0.844074 328
0.846154 329
0.848234 330
0.850314 331
0.852394 332
0.854474 333
0.856554 334
0.858634 335
0.860714 336
0.862794 337
0.864874 338
0.866954 339
0.869034 340
0.871114 341
0.873194 342
0.875274 343
0.877354 344
0.879434 345
0.881514 346
0.883594 347
0.885674 348
0.887754 349
0.889834 350
0.891914 351
0.893994 352
0.896074 353
0.898154 354
0.900234 355
0.902314 356
0.904394 357
0.906474 358
0.908554 359
0.910634 360
0.912714 361
0.914794 362
0.916874 363
0.918954 364
0.921034 365
0.923114 366
0.925194 367
0.927274 368
0.929354 369
0.931434 370
0.933514 371
0.935594 372
0.937674 373
0.939754 374
0.941834 375
0.943914 376
0.945994 377
0.948074 378
0.950154 379
0.952234 380
0.954314 381
0.956394 382
0.958474 383
0.960554 384
0.962634 385
0.964714 386
0.966794 387
0.968874 388
0.970954 389
0.973034 390
0.975114 391
0.977194 392
0.979274 393
0.981354 394
0.983434 395
0.985514 396
0.987594 397
0.989674 398
0.991754 399
0.993834 400
0.995914 401
0.997994 402
1.000074 403
1.002154 404
1.004234 405
1.006314 406
1.008394 407
1.010474 408
1.012554 409
1.014634 410
1.016714 411
1.018794 412
1.020874 413
1.022954 414
1.025034 415
1.027114 416
1.029194 417
1.031274 418
1.033354 419
1.035434 420
1.037514 421
1.039594 422
1.041674 423
1.043754 424
1.045834 425
1.047914 426
1.049994 427
1.052074 428
1.054154 429
1.056234 430
1.058314 431
1.060394 432
1.062474 433
1.064554 434
1.066634 435
1.068714 436
1.070794 437
1.072874 438
1.074954 439
1.077034 440
1.079114 441
1.081194 442
1.083274 443
1.085354 444
1.087434 445
1.089514 446
1.091594 447
1.093674 448
1.095754 449
1.097834 450
1.099914 451
1.101994 452
1.104074 453
1.106154 454
1.108234 455
1.110314 456
1.112394 457
1.114474 458
1.116554 459
1.118634 460
1.120714 461
1.122794 462
1.124874 463
1.126954 464
1.129034 465
1.131114 466
1.133194 467
1.135274 468
1.137354 469
1.139434 470
1.141514 471
1.143594 472
1.145674 473
1.147754 474
1.149834 475
1.151914 476
1.153994 477
1.156074 478
1.158154 479
1.160234 480
1.162314 481
1.164394 482
1.166474 483
1.168554 484
1.170634 485
1.172714 486
1.174794 487
1.176874 488
1.178954 489
1.181034 490
1.183114 491
1.185194 492
1.187274 493
1.189354 494
1.191434 495
1.193514 496
1.195594 497
1.197674 498
1.199754 499
1.201834 500
1.203914 501
1.205994 502
1.208074 503
1.210154 504
1.212234 505
1.214314 506
1.216394 507
1.218474 508
1.220554 509
1.222634 510
1.224714 511
1.226794 512
1.228874 513
1.230954 514
1.233034 515
1.235114 516
1.237194 517
1.239274 518
1.241354 519
1.243434 520
1.245514 521
1.247594 522
1.249674 523
1.251754 524
1.253834 525
1.255914 526
1.257994 527
1.260074 528
1.262154 529
1.264234 530
1.266314 531
1.268394 532
1.270474 533
1.272554 534
1.274634 535
1.276714 536
1.278794 537
1.280874 538
1.282954 539
1.285034 540
1.287114 541
1.289194 542
1.291274 543
1.293354 544
1.295434 545
1.297514 546
1.299594 547
1.301674 548
1.303754 549
1.305834 550
1.307914 551
1.309994 552
1.312074 553
1.314154 554
1.316234 555
1.318314 556
1.320394 557
1.322474 558
1.324554 559
1.326634 560
1.328714 561
1.330794 562
1.332874 563
1.334954 564
1.337034 565
1.339114 566
1.341194 567
1.343274 568
1.345354 569
1.347434 570
1.349514 571
1.351594 572
1.353674 573
1.355754 574
1.357834 575
1.359914 576
1.361994 577
1.364074 578
1.366154 579
1.368234 580
1.370314 581
1.372394 582
1.374474 583
1.376554 584
1.378634 585
1.380714 586
1.382794 587
1.384874 588
1.386954 589
1.389034 590
1.391114 591
1.393194 592
1.395274 593
1.397354 594
1.399434 595
1.401514 596
1.403594 597
1.405674 598
1.407754 599
1.409834 600
1.411914 601
1.413994 602
1.416074 603
1.418154 604
1.420234 605
1.422314 606
1.424394 607
1.426474 608
1.428554 609
1.430634 610
1.432714 611
1.434794 612
1.436874 613
1.438954 614
1.441034 615
1.443114 616
1.445194 617
1.447274 618
1.449354 619
1.451434 620
1.453514 621
1.455594 622
1.457674 623
1.459754 624
1.461834 625
1.463914 626
1.465994 627
1.468074 628
1.470154 629
1.472234 630
1.474314 631
1.476394 632
1.478474 633
1.480554 634
1.482634 635
1.484714 636
1.486794 637
1.488874 638
1.490954 639
1.493034 640
1.495114 641
1.497194 642
1.499274 643
1.501354 644
1.503434 645
1.505514 646
1.507594 647
1.509674 648
1.511754 649
1.513834 650
1.515914 651
1.517994 652
1.520074 653
1.522154 654
1.524234 655
1.526314 656
1.528394 657
1.530474 658
1.532554 659
1.534634 660
1.536714 661
1.538794 662
1.540874 663
1.542954 664
1.545034 665
1.547114 666
1.549194 667
1.551274 668
1.553354 669
1.555434 670
1.557514 671
1.559594 672
1.561674 673
1.563754 674
1.565834 675
1.567914 676
1.569994 677
1.572074 678
1.574154 679
1.576234 680
1.578314 681
1.580394 682
1.582474 683
1.584554 684
1.586634 685
1.588714 686
1.590794 687
1.592874 688
1.594954 689
1.597034 690
1.599114 691
1.601194 692
1.603274 693
1.605354 694
1.607434 695
1.609514 696
1.611594 697
1.613674 698
1.615754 699
1.617834 700
1.619914 701
1.621994 702
1.624074 703
1.626154 704
1.628234 705
1.630314 706
1.632394 707
1.634474 708
1.636554 709
1.638634 710
1.640714 711
1.642794 712
1.644874 713
1.646954 714
1.649034 715
1.651114 716
1.653194 717
1.655274 718
1.657354 719
1.659434 720
1.661514 721
1.663594 722
1.665674 723
1.667754 724
1.669834 725
1.671914 726
1.673994 727
1.676074 728
1.678154 729
1.680234 730
1.682314 731
1.684394 732
1.686474 733
1.688554 734
1.690634 735
1.692714 736
1.694794 737
1.696874 738
1.698954 739
1.701034 740
1.703114 741
1.705194 742
1.707274 743
1.709354 744
1.711434 745
1.713514 746
1.715594 747
1.717674 748
1.719754 749
1.721834 750
1.723914 751
1.725994 752
1.728074 753
1.730154 754
1.732234 755
1.734314 756
1.736394 757
1.738474 758
1.740554 759
1.742634 760
1.744714 761
1.746794 762
1.748874 763
1.750954 764
1.753034 765
1.755114 766
1.757194 767
1.759274 768
1.761354 769
1.763434 770
1.765514 771
1.767594 772
1.769674 773
1.771754 774
1.773834 775
1.775914 776
1.777994 777
1.780074 778
1.782154 779
1.784234 780
1.786314 781
1.788394 782
1.790474 783
1.792554 784
1.794634 785
1.796714 786
1.798794 787
1.800874 788
1.802954 789
1.805034 790
1.807114 791
1.809194 792
1.811274 793
1.813354 794
1.815434 795
1.817514 796
1.819594 797
1.821674 798
1.823754 799
1.825834 800
1.827914 801
1.829994 802
1.832074 803
1.834154 804
1.836234 805
1.838314 806
1.840394 807
1.842474 808
1.844554 809
1.846634 810
1.848714 811
1.850794 812
1.852874 813
1.854954 814
1.857034 815
1.859114 816
1.861194 817
1.863274 818
1.865354 819
1.867434 820
1.869514 821
1.871594 822
1.873674 823
1.875754 824
1.877834 825
1.879914 826
1.881994 827
1.884074 828
1.886154 829
1.888234 830
1.890314 831
1.892394 832
1.894474 833
1.896554 834
1.898634 835
1.900714 836
1.902794 837
1.904874 838
1.906954 839
1.909034 840
1.911114 841
1.913194 842
1.915274 843
1.917354 844
1.919434 845
1.921514 846
1.923594 847
1.925674 848
1.927754 849
1.929834 850
1.931914 851
1.933994 852
1.936074 853
1.938154 854
1.940234 855
1.942314 856
1.944394 857
1.946474 858
1.948554 859
1.950634 860
1.952714 861
1.954794 862
1.956874 863
1.958954 864
1.961034 865
1.963114 866
1.965194 867
1.967274 868
1.969354 869
1.971434 870
1.973514 871
1.975594 872
1.977674 873
1.979754 874
1.981834 875
1.983914 876
1.985994 877
1.988074 878
1.990154 879
1.992234 880
1.994314 881
1.996394 882
1.998474 883
2.000554 884
2.002634 885
2.004714 886
2.006794 887
2.008874 888
2.010954 889
2.013034 890
2.015114 891
2.017194 892
2.019274 893
2.021354 894
2.023434 895
2.025514 896
2.027594 897
2.029674 898
2.031754 899
2.033834 900
2.035914 901
2.037994 902
2.040074 903
2.042154 904
2.044234 905
2.046314 906
2.048394 907
2.050474 908
2.052554 909
2.054634 910
2.056714 911
2.058794 912
2.060874 913
2.062954 914
2.065034 915
2.067114 916
2.069194 917
2.071274 918
2.073354 919
2.075434 920
2.077514 921
2.079594 922
2.081674 923
2.083754 924
2.085834 925
2.087914 926
2.089994 927
2.092074 928
2.094154 929
2.096234 930
2.098314 931
2.100394 932
2.102474 933
2.104554 934
2.106634 935
2.108714 936
2.110794 937
2.112874 938
2.114954 939
2.117034 940
2.119114 941
2.121194 942
2.123274 943
2.125354 944
2.127434 945
2.129514 946
2.131594 947
2.133674 948
2.135754 949
2.137834 950
2.139914 951
2.141994 952
2.144074 953
2.146154 954
2.148234 955
2.150314 956
2.152394 957
2.154474 958
2.156554 959
2.158634 960
2.160714 961
2.162794 962
2.164874 963
2.166954 964
2.169034 965
2.171114 966
2.173194 967
2.175274 968
2.177354 969
2.179434 970
2.181514 971
2.183594 972
2.185674 973
2.187754 974
2.189834 975
2.191914 976
2.193994 977
2.196074 978
2.198154 979
2.200234 980
2.202314 981
2.204394 982
2.206474 983
2.208554 984
2.210634 985
2.212714 986
2.214794 987
2.216874 988
2.218954 989
2.221034 990
2.223114 991
2.225194 992
2.227274 993
2.229354 994
2.231434 995
2.233514 996
2.235594 997
2.237674 998
2.239754 999
2.241834 1000
2.243914 1001
2.245994 1002
2.248074 1003
2.250154 1004
2.252234 1005
2.254314 1006
2.256394 1007
2.258474 1008
2.260554 1009
2.262634 1010
2.264714 1011
2.266794 1012
2.268874 1013
2.270954 1014
2.273034 1015
2.275114 1016
2.277194 1017
2.279274 1018
2.281354 1019
2.283434 1020
2.285514 1021
2.287594 1022
2.289674 1023
2.291754 1024
2.293834 1025
2.295914 1026
2.297994 1027
2.300074 1028
2.302154 1029
2.304234 1030
2.306314 1031
2.308394 1032
2.310474 1033
2.312554 1034
2.314634 1035
2.316714 1036
2.318794 1037
2.320874 1038
2.322954 1039
2.325034 1040
2.327114 1041
2.329194 1042
2.331274 1043
2.333354 1044
2.335434 1045
2.337514 1046
2.339594 1047
2.341674 1048
2.343754 1049
2.345834 1050
2.347914 1051
2.349994 1052
2.352074 1053
2.354154 1054
2.356234 1055
2.358314 1056
2.360394 1057
2.362474 1058
2.364554 1059
2.366634 1060
2.368714 1061
2.370794 1062
2.372874 1063
2.374954 1064
2.377034 1065
2.379114 1066
2.381194 1067
2.383274 1068
2.385354 1069
2.387434 1070
2.389514 1071
2.391594 1072
2.393674 1073
2.395754 1074
2.397834 1075
2.399914 1076
2.401994 1077
2.404074 1078
2.406154 1079
2.408234 1080
2.410314 1081
2.412394 1082
2.414474 1083
2.416554 1084
2.418634 1085
2.420714 1086
2.422794 1087
2.424874 1088
2.426954 1089
2.429034 1090
2.431114 1091
2.433194 1092
2.435274 1093
2.437354 1094
2.439434 1095
2.441514 1096
2.443594 1097
2.445674 1098
2.447754 1099
2.449834 1100
2.451914 1101
2.453994 1102
2.456074 1103
2.458154 1104
2.460234 1105
2.462314 1106
2.464394 1107
2.466474 1108
2.468554 1109
2.470634 1110
2.472714 1111
2.474794 1112
2.476874 1113
2.478954 1114
2.481034 1115
2.483114 1116
2.485194 1117
2.487274 1118
2.489354 1119
2.491434 1120
2.493514 1121
2.495594 1122
2.497674 1123
2.499754 1124
2.501834 1125
2.503914 1126
2.505994 1127
2.508074 1128
2.510154 1129
2.512234 1130
2.514314 1131
2.516394 1132
2.518474 1133
2.520554 1134
2.522634 1135
2.524714 1136
2.526794 1137
2.528874 1138
2.530954 1139
2.533034 1140
2.535114 1141
2.537194 1142
2.539274 1143
2.541354 1144
2.543434 1145
2.545514 1146
2.547594 1147
2.549674 1148
2.551754 1149
2.553834 1150
2.555914 1151
2.557994 1152
2.560074 1153
2.562154 1154
2.564234 1155
2.566314 1156
2.568394 1157
2.570474 1158
2.572554 1159
2.574634 1160
2.576714 1161
2.578794 1162
2.580874 1163
2.582954 1164
2.585034 1165
2.587114 1166
2.589194 1167
2.591274 1168
2.593354 1169
2.595434 1170
2.597514 1171
2.599594 1172
2.601674 1173
2.603754 1174
2.605834 1175
2.607914 1176
2.609994 1177
2.612074 1178
2.614154 1179
2.616234 1180
2.618314 1181
2.620394 1182
2.622474 1183
2.624554 1184
2.626634 1185
2.628714 1186
2.630794 1187
2.632874 1188
2.634954 1189
2.637034 1190
2.639114 1191
2.641194 1192
2.643274 1193
2.645354 1194
2.647434 1195
2.649514 1196
2.651594 1197
2.653674 1198
2.655754 1199
2.657834 1200
2.659914 1201
2.661994 1202
2.664074 1203
2.666154 1204
2.668234 1205
2.670314 1206
2.672394 1207
2.674474 1208
2.676554 1209
2.678634 1210
2.680714 1211
2.682794 1212
2.684874 1213
2.686954 1214
2.689034 1215
2.691114 1216
2.693194 1217
2.695274 1218
2.697354 1219
2.699434 1220
2.701514 1221
2.703594 1222
2.705674 1223
2.707754 1224
2.709834 1225
2.711914 1226
2.713994 1227
2.716074 1228
2.718154 1229
2.720234 1230
2.722314 1231
2.724394 1232
2.726474 1233
2.728554 1234
2.730634 1235
2.732714 1236
2.734794 1237
2.736874 1238
2.738954 1239
2.741034 1240
2.743114 1241
2.745194 1242
2.747274 1243
2.749354 1244
2.751434 1245
2.753514 1246
2.755594 1247
2.757674 1248
2.759754 1249
2.761834 1250
2.763914 1251
2.765994 1252
2.768074 1253
2.770154 1254
2.772234 1255
2.774314 1256
2.776394 1257
2.778474 1258
2.780554 1259
2.782634 1260
2.784714 1261
2.786794 1262
2.788874 1263
2.790954 1264
2.793034 1265
2.795114 1266
2.797194 1267
2.799274 1268
2.801354 1269
2.803434 1270
2.805514 1271
2.807594 1272
2.809674 1273
2.811754 1274
2.813834 1275
2.815914 1276
2.817994 1277
2.820074 1278
2.822154 1279
2.824234 1280
2.826314 1281
2.828394 1282
2.830474 1283
2.832554 1284
2.834634 1285
2.836714 1286
2.838794 1287
2.840874 1288
2.842954 1289
2.845034 1290
2.847114 1291
2.849194 1292
2.851274 1293
2.853354 1294
2.855434 1295
2.857514 1296
2.859594 1297
2.861674 1298
2.863754 1299
2.865834 1300
2.867914 1301
2.869994 1302
2.872074 1303
2.874154 1304
2.876234 1305
2.878314 1306
2.880394 1307
2.882474 1308
2.884554 1309
2.886634 1310
2.888714 1311
2.890794 1312
2.892874 1313
2.894954 1314
2.897034 1315
2.899114 1316
2.901194 1317
2.903274 1318
2.905354 1319
2.907434 1320
2.909514 1321
2.911594 1322
2.913674 1323
2.915754 1324
2.917834 1325
2.919914 1326
2.921994 1327
2.924074 1328
2.926154 1329
2.928234 1330
2.930314 1331
2.932394 1332
2.934474 1333
2.936554 1334
2.938634 1335
2.940714 1336
2.942794 1337
2.944874 1338
2.946954 1339
2.949034 1340
2.951114 1341
2.953194 1342
2.955274 1343
2.957354 1344
2.959434 1345
2.961514 1346
2.963594 1347
2.965674 1348
2.967754 1349
2.969834 1350
2.971914 1351
2.973994 1352
2.976074 1353
2.978154 1354
2.980234 1355
2.982314 1356
2.984394 1357
2.986474 1358
2.988554 1359
2.990634 1360
2.992714 1361
2.994794 1362
2.996874 1363
2.998954 1364
3.001034 1365
3.003114 1366
3.005194 1367
3.007274 1368
3.009354 1369
3.011434 1370
3.013514 1371
3.015594 1372
3.017674 1373
3.019754 1374
3.021834 1375
3.023914 1376
3.025994 1377
3.028074 1378
3.030154 1379
3.032234 1380
3.034314 1381
3.036394 1382
3.038474 1383
3.040554 1384
3.060017 1385
3.076892 1386
3.078972 1387
3.081052 1388
3.083132 1389
3.085212 1390
3.087292 1391
3.089372 1392
3.091452 1393
3.093532 1394
3.095612 1395
3.097692 1396
3.099772 1397
3.138767 1398
3.140847 1399
3.142927 1400
3.145007 1401
3.147087 1402
3.149167 1403
3.151247 1404
3.194392 1405
3.196472 1406
3.198552 1407
3.200632 1408
3.246267 1409
3.248347 1410
3.250427 1411
3.252507 1412
3.254587 1413
3.256667 1414
3.258747 1415
3.260827 1416
3.262907 1417
3.351267 1418
3.353347 1419
3.355427 1420
3.357507 1421
3.359587 1422
3.361667 1423
3.363747 1424
3.453767 1425
3.455847 1426
3.457927 1427
3.460007 1428
3.552517 1429
3.554597 1430
3.556677 1431
3.558757 1432
3.560837 1433
3.562917 1434
3.564997 1435
3.567077 1436
3.569157 1437
3.751267 1438
3.753347 1439
3.755427 1440
3.757507 1441
3.759587 1442
3.761667 1443
3.763747 1444
3.900642 1445
3.902722 1446
3.950017 1447
3.952097 1448
4.093142 1449
4.095222 1450
4.097302 1451
4.099382 1452
4.101462 1453
4.103542 1454
4.147517 1455
4.149597 1456
4.151677 1457
4.479392 1458
4.481472 1459
4.483552 1460
4.485632 1461
4.487712 1462
4.489792 1463
4.491872 1464
4.675642 1465
4.755017 1466
4.757097 1467
4.912517 1468
4.914597 1469
4.916677 1470
4.918757 1471
4.947517 1472
5.011267 1473
5.013347 1474
5.015427 1475
5.017507 1476
5.019587 1477
5.421267 1478
5.423347 1479
5.425427 1480
5.427507 1481
5.429587 1482
5.431667 1483
5.975642 1484
5.977722 1485
5.979802 1486
5.981882 1487
5.983962 1488
5.986042 1489
6.025017 1490
6.027097 1491
6.029177 1492
6.120017 1493
6.122097 1494
6.124177 1495
6.126257 1496
6.128337 1497
6.575642 1498
6.577722 1499
6.579802 1500
6.581882 1501
6.583962 1502
7.191267 1503
7.193347 1504
7.195427 1505
7.197507 1506
7.199587 1507
7.201667 1508
7.203747 1509
7.205827 1510
7.207907 1511
7.209987 1512
7.212067 1513
7.214147 1514
7.216227 1515
7.218307 1516
7.220387 1517
7.222467 1518
7.224547 1519
7.226627 1520
7.228707 1521
7.230787 1522
7.232867 1523
7.234947 1524
7.237027 1525
7.239107 1526
7.241187 1527
7.243267 1528
7.245347 1529
7.247427 1530
7.249507 1531
7.251587 1532
7.253667 1533
7.255747 1534
7.257827 1535
7.259907 1536
7.261987 1537
7.264067 1538
7.266147 1539
7.268227 1540
7.270307 1541
7.272387 1542
7.274467 1543
7.276547 1544
7.278627 1545
7.280707 1546
7.282787 1547
7.284867 1548
7.286947 1549
7.289027 1550
7.291107 1551
7.293187 1552
7.295267 1553
7.297347 1554
7.299427 1555
7.301507 1556
7.303587 1557
7.305667 1558
7.307747 1559
7.309827 1560
7.311907 1561
7.313987 1562
7.316067 1563
7.318147 1564
7.320227 1565
7.322307 1566
7.324387 1567
7.326467 1568
7.328547 1569
7.330627 1570
7.332707 1571
7.334787 1572
7.336867 1573
7.338947 1574
7.341027 1575
7.343107 1576
7.345187 1577
7.347267 1578
7.349347 1579
7.351427 1580
7.353507 1581
7.355587 1582
7.357667 1583
7.359747 1584
7.361827 1585
7.363907 1586
7.365987 1587
7.368067 1588
7.370147 1589
7.372227 1590
7.374307 1591
7.376387 1592
7.378467 1593
7.380547 1594
7.382627 1595
7.384707 1596
7.386787 1597
7.388867 1598
7.390947 1599
7.393027 1600
7.395107 1601
7.397187 1602
7.399267 1603
7.401347 1604
7.403427 1605
7.405507 1606
7.407587 1607
7.409667 1608
7.411747 1609
7.413827 1610
7.415907 1611
7.417987 1612
7.420067 1613
7.422147 1614
7.424227 1615
7.426307 1616
7.428387 1617
7.430467 1618
7.432547 1619
7.434627 1620
7.436707 1621
7.438787 1622
7.440867 1623
7.442947 1624
7.445027 1625
7.447107 1626
7.449187 1627
7.451267 1628
7.453347 1629
7.455427 1630
7.457507 1631
7.459587 1632
7.461667 1633
7.463747 1634
7.465827 1635
7.467907 1636
7.469987 1637
7.472067 1638
7.474147 1639
7.476227 1640
7.478307 1641
7.480387 1642
7.482467 1643
7.484547 1644
7.486627 1645
7.488707 1646
7.490787 1647
7.492867 1648
7.494947 1649
7.497027 1650
7.499107 1651
7.501187 1652
7.503267 1653
7.505347 1654
7.507427 1655
7.509507 1656
7.511587 1657
7.513667 1658
7.515747 1659
7.517827 1660
7.519907 1661
7.521987 1662
7.524067 1663
7.526147 1664
7.528227 1665
7.530307 1666
7.532387 1667
7.534467 1668
7.536547 1669
7.538627 1670
7.540707 1671
7.542787 1672
7.544867 1673
7.546947 1674
7.549027 1675
7.551107 1676
7.553187 1677
7.555267 1678
7.557347 1679
7.559427 1680
7.561507 1681
7.563587 1682
7.565667 1683
7.567747 1684
7.569827 1685
7.571907 1686
7.573987 1687
7.576067 1688
7.578147 1689
7.580227 1690
7.582307 1691
7.584387 1692
7.586467 1693
7.588547 1694
7.590627 1695
7.592707 1696
7.594787 1697
7.596867 1698
7.598947 1699
7.601027 1700
7.603107 1701
7.605187 1702
7.607267 1703
7.609347 1704
7.611427 1705
7.613507 1706
7.615587 1707
7.617667 1708
7.619747 1709
7.621827 1710
7.623907 1711
7.625987 1712
7.628067 1713
7.630147 1714
7.632227 1715
7.634307 1716
7.636387 1717
7.638467 1718
7.640547 1719
7.642627 1720
7.644707 1721
7.646787 1722
7.648867 1723
7.650947 1724
7.653027 1725
7.655107 1726
7.657187 1727
7.659267 1728
7.661347 1729
7.663427 1730
7.665507 1731
7.667587 1732
7.669667 1733
7.671747 1734
7.673827 1735
7.675907 1736
7.677987 1737
7.680067 1738
7.682147 1739
7.684227 1740
7.686307 1741
7.688387 1742
7.690467 1743
7.692547 1744
7.694627 1745
7.696707 1746
7.698787 1747
7.700867 1748
7.702947 1749
7.705027 1750
7.707107 1751
7.709187 1752
7.711267 1753
7.713347 1754
7.715427 1755
7.717507 1756
7.719587 1757
7.721667 1758
7.723747 1759
7.725827 1760
7.727907 1761
7.729987 1762
7.732067 1763
7.734147 1764
7.736227 1765
7.738307 1766
7.740387 1767
7.742467 1768
7.744547 1769
7.746627 1770
7.748707 1771
7.750787 1772
7.752867 1773
7.754947 1774
7.757027 1775
7.759107 1776
7.761187 1777
7.763267 1778
7.765347 1779
7.767427 1780
7.769507 1781
7.771587 1782
7.773667 1783
7.775747 1784
7.777827 1785
7.779907 1786
7.781987 1787
7.784067 1788
7.786147 1789
7.788227 1790
7.790307 1791
7.792387 1792
7.794467 1793
7.796547 1794
7.798627 1795
7.800707 1796
7.802787 1797
7.804867 1798
7.806947 1799
7.809027 1800
7.811107 1801
7.813187 1802
7.815267 1803
7.817347 1804
7.819427 1805
7.821507 1806
7.823587 1807
7.825667 1808
7.827747 1809
7.829827 1810
7.831907 1811
7.833987 1812
7.836067 1813
7.838147 1814
7.840227 1815
7.842307 1816
7.844387 1817
7.846467 1818
7.848547 1819
7.850627 1820
7.852707 1821
7.854787 1822
7.856867 1823
7.858947 1824
7.861027 1825
7.863107 1826
7.865187 1827
7.867267 1828
7.869347 1829
7.871427 1830
7.873507 1831
7.875587 1832
7.877667 1833
7.879747 1834
7.881827 1835
7.883907 1836
7.885987 1837
7.888067 1838
7.890147 1839
7.892227 1840
7.894307 1841
7.896387 1842
7.898467 1843
7.900547 1844
7.902627 1845
7.904707 1846
7.906787 1847
7.908867 1848
7.910947 1849
7.913027 1850
7.915107 1851
7.917187 1852
7.919267 1853
7.921347 1854
7.923427 1855
7.925507 1856
7.927587 1857
7.929667 1858
7.931747 1859
7.933827 1860
7.935907 1861
7.937987 1862
7.940067 1863
7.942147 1864
7.944227 1865
7.946307 1866
7.948387 1867
7.950467 1868
7.952547 1869
7.954627 1870
7.956707 1871
7.958787 1872
7.960867 1873
7.962947 1874
7.965027 1875
7.967107 1876
7.969187 1877
7.971267 1878
7.973347 1879
7.975427 1880
7.977507 1881
7.979587 1882
7.981667 1883
7.983747 1884
7.985827 1885
7.987907 1886
7.989987 1887
7.992067 1888
7.994147 1889
7.996227 1890
7.998307 1891
8.000387 1892
8.002467 1893
8.004547 1894
8.006627 1895
8.008707 1896
8.010787 1897
8.012867 1898
8.014947 1899
8.017027 1900
8.019107 1901
8.021187 1902
8.023267 1903
8.025347 1904
8.027427 1905
8.029507 1906
8.031587 1907
8.033667 1908
8.035747 1909
8.037827 1910
8.039907 1911
8.041987 1912
8.044067 1913
8.046147 1914
8.048227 1915
8.050307 1916
8.052387 1917
8.054467 1918
8.056547 1919
8.058627 1920
8.060707 1921
8.062787 1922
8.064867 1923
8.066947 1924
8.069027 1925
8.071107 1926
8.073187 1927
8.075267 1928
8.077347 1929
8.079427 1930
8.081507 1931
8.083587 1932
8.085667 1933
8.087747 1934
8.089827 1935
8.091907 1936
8.093987 1937
8.096067 1938
8.098147 1939
8.100227 1940
8.102307 1941
8.104387 1942
8.106467 1943
8.108547 1944
8.110627 1945
8.112707 1946
8.114787 1947
8.116867 1948
8.118947 1949
8.121027 1950
8.123107 1951
8.125187 1952
8.127267 1953
8.129347 1954
8.131427 1955
8.133507 1956
8.135587 1957
8.137667 1958
8.139747 1959
8.141827 1960
8.143907 1961
8.145987 1962
8.148067 1963
8.150147 1964
8.152227 1965
8.154307 1966
8.156387 1967
8.158467 1968
8.160547 1969
8.162627 1970
8.164707 1971
8.166787 1972
8.168867 1973
8.170947 1974
8.173027 1975
8.175107 1976
8.177187 1977
8.179267 1978
8.181347 1979
8.183427 1980
8.185507 1981
8.187587 1982
8.189667 1983
8.191747 1984
8.193827 1985
8.195907 1986
8.197987 1987
8.200067 1988
8.202147 1989
8.204227 1990
8.206307 1991
8.208387 1992
8.210467 1993
8.212547 1994
8.214627 1995
8.216707 1996
8.218787 1997
8.220867 1998
8.222947 1999
8.225027 2000
8.227107 2001
8.229187 2002
8.231267 2003
8.233347 2004
8.235427 2005
8.237507 2006
8.239587 2007
8.241667 2008
8.243747 2009
8.245827 2010
8.247907 2011
8.249987 2012
8.252067 2013
8.254147 2014
8.256227 2015
8.258307 2016
8.260387 2017
8.262467 2018
8.264547 2019
8.266627 2020
8.268707 2021
8.270787 2022
8.272867 2023
8.274947 2024
8.277027 2025
8.279107 2026
8.281187 2027
8.283267 2028
8.285347 2029
8.287427 2030
8.289507 2031
8.291587 2032
8.293667 2033
8.295747 2034
8.297827 2035
8.299907 2036
8.301987 2037
8.304067 2038
8.306147 2039
8.308227 2040
8.310307 2041
8.312387 2042
8.314467 2043
8.316547 2044
8.318627 2045
8.320707 2046
8.322787 2047
8.324867 2048
8.326947 2049
8.329027 2050
8.331107 2051
8.333187 2052
8.335267 2053
8.337347 2054
8.339427 2055
8.341507 2056
8.343587 2057
8.345667 2058
8.347747 2059
8.349827 2060
8.351907 2061
8.353987 2062
8.356067 2063
8.358147 2064
8.360227 2065
8.362307 2066
8.364387 2067
8.366467 2068
8.368547 2069
8.370627 2070
8.372707 2071
8.374787 2072
8.376867 2073
8.378947 2074
8.381027 2075
8.383107 2076
8.385187 2077
8.387267 2078
8.389347 2079
8.391427 2080
8.393507 2081
8.395587 2082
8.397667 2083
8.399747 2084
8.401827 2085
8.403907 2086
8.405987 2087
8.408067 2088
8.410147 2089
8.412227 2090
8.414307 2091
8.416387 2092
8.418467 2093
8.420547 2094
8.422627 2095
8.424707 2096
8.426787 2097
8.428867 2098
8.430947 2099
8.433027 2100
8.435107 2101
8.437187 2102
8.439267 2103
8.441347 2104
8.443427 2105
8.445507 2106
8.447587 2107
8.449667 2108
8.451747 2109
8.453827 2110
8.455907 2111
8.457987 2112
8.460067 2113
8.462147 2114
8.464227 2115
8.466307 2116
8.468387 2117
8.470467 2118
8.472547 2119
8.474627 2120
8.476707 2121
8.478787 2122
8.480867 2123
8.482947 2124
8.485027 2125
8.487107 2126
8.489187 2127
8.491267 2128
8.493347 2129
8.495427 2130
8.497507 2131
8.499587 2132
8.501667 2133
8.503747 2134
8.505827 2135
8.507907 2136
8.509987 2137
8.512067 2138
8.514147 2139
8.516227 2140
8.518307 2141
8.520387 2142
8.522467 2143
8.524547 2144
8.526627 2145
8.528707 2146
8.530787 2147
8.532867 2148
8.534947 2149
8.537027 2150
8.539107 2151
8.541187 2152
8.543267 2153
8.545347 2154
8.547427 2155
8.549507 2156
8.551587 2157
8.553667 2158
8.555747 2159
8.557827 2160
8.559907 2161
8.561987 2162
8.564067 2163
8.566147 2164
8.568227 2165
8.570307 2166
8.572387 2167
8.574467 2168
8.576547 2169
8.578627 2170
8.580707 2171
8.582787 2172
8.584867 2173
8.586947 2174
8.589027 2175
8.591107 2176
8.593187 2177
8.595267 2178
8.597347 2179
8.599427 2180
8.601507 2181
8.603587 2182
8.605667 2183
8.607747 2184
8.609827 2185
8.611907 2186
8.613987 2187
8.616067 2188
8.618147 2189
8.620227 2190
8.622307 2191
8.624387 2192
8.626467 2193
8.628547 2194
8.630627 2195
8.632707 2196
8.634787 2197
8.636867 2198
8.638947 2199
8.641027 2200
8.643107 2201
8.645187 2202
8.647267 2203
8.649347 2204
8.651427 2205
8.653507 2206
8.655587 2207
8.657667 2208
8.659747 2209
8.661827 2210
8.663907 2211
8.665987 2212
8.668067 2213
8.670147 2214
8.672227 2215
8.674307 2216
8.676387 2217
8.678467 2218
8.680547 2219
8.682627 2220
8.684707 2221
8.686787 2222
8.688867 2223
8.690947 2224
8.693027 2225
8.695107 2226
8.697187 2227
8.699267 2228
8.701347 2229
8.703427 2230
8.705507 2231
8.707587 2232
8.709667 2233
8.711747 2234
8.713827 2235
8.715907 2236
8.717987 2237
8.720067 2238
8.722147 2239
8.724227 2240
8.726307 2241
8.728387 2242
8.730467 2243
8.732547 2244
8.734627 2245
8.736707 2246
8.738787 2247
8.740867 2248
8.742947 2249
8.745027 2250
8.747107 2251
8.749187 2252
8.751267 2253
8.753347 2254
8.755427 2255
8.757507 2256
8.759587 2257
8.761667 2258
8.763747 2259
8.765827 2260
8.767907 2261
8.769987 2262
8.772067 2263
8.774147 2264
8.776227 2265
8.778307 2266
8.780387 2267
8.782467 2268
8.784547 2269
8.786627 2270
8.788707 2271
8.790787 2272
8.792867 2273
8.794947 2274
8.797027 2275
8.799107 2276
8.801187 2277
8.803267 2278
8.805347 2279
8.807427 2280
8.809507 2281
8.811587 2282
8.813667 2283
8.815747 2284
8.817827 2285
8.819907 2286
8.821987 2287
8.824067 2288
8.826147 2289
8.828227 2290
8.830307 2291
8.832387 2292
8.834467 2293
8.836547 2294
8.838627 2295
8.840707 2296
8.842787 2297
8.844867 2298
8.846947 2299
8.849027 2300
8.851107 2301
8.853187 2302
8.855267 2303
8.857347 2304
8.859427 2305
8.861507 2306
8.863587 2307
8.865667 2308
8.867747 2309
8.869827 2310
8.871907 2311
8.873987 2312
8.876067 2313
8.878147 2314
8.880227 2315
8.882307 2316
8.884387 2317
8.886467 2318
8.888547 2319
8.890627 2320
8.892707 2321
8.894787 2322
8.896867 2323
8.898947 2324
8.901027 2325
8.903107 2326
8.905187 2327
8.907267 2328
8.909347 2329
8.911427 2330
8.913507 2331
8.915587 2332
8.917667 2333
8.919747 2334
8.921827 2335
8.923907 2336
8.925987 2337
8.928067 2338
8.930147 2339
8.932227 2340
8.934307 2341
8.936387 2342
8.938467 2343
8.940547 2344
8.942627 2345
8.944707 2346
8.946787 2347
8.948867 2348
8.950947 2349
8.953027 2350
8.955107 2351
8.957187 2352
8.959267 2353
8.961347 2354
8.963427 2355
8.965507 2356
8.967587 2357
8.969667 2358
8.971747 2359
8.973827 2360
8.975907 2361
8.977987 2362
8.980067 2363
8.982147 2364
8.984227 2365
8.986307 2366
8.988387 2367
8.990467 2368
8.992547 2369
8.994627 2370
8.996707 2371
8.998787 2372
9.000867 2373
9.002947 2374
9.005027 2375
9.007107 2376
9.009187 2377
9.011267 2378
9.013347 2379
9.015427 2380
9.017507 2381
9.019587 2382
9.021667 2383
9.023747 2384
9.025827 2385
9.027907 2386
9.029987 2387
9.032067 2388
9.034147 2389
9.036227 2390
9.038307 2391
9.040387 2392
9.042467 2393
9.044547 2394
9.046627 2395
9.048707 2396
9.050787 2397
9.052867 2398
9.054947 2399
9.057027 2400
9.059107 2401
9.061187 2402
9.063267 2403
9.065347 2404
9.067427 2405
9.069507 2406
9.071587 2407
9.073667 2408
9.075747 2409
9.077827 2410
9.079907 2411
9.081987 2412
9.084067 2413
9.086147 2414
9.088227 2415
9.090307 2416
9.092387 2417
9.094467 2418
9.096547 2419
9.098627 2420
9.100707 2421
9.102787 2422
9.104867 2423
9.106947 2424
9.109027 2425
9.111107 2426
9.113187 2427
9.115267 2428
9.117347 2429
9.119427 2430
9.121507 2431
9.123587 2432
9.125667 2433
9.127747 2434
9.129827 2435
9.131907 2436
9.133987 2437
9.136067 2438
9.138147 2439
9.140227 2440
9.142307 2441
9.144387 2442
9.146467 2443
9.148547 2444
9.150627 2445
9.152707 2446
9.154787 2447
9.156867 2448
9.158947 2449
9.161027 2450
9.163107 2451
9.165187 2452
9.167267 2453
9.169347 2454
9.171427 2455
9.173507 2456
9.175587 2457
9.177667 2458
9.179747 2459
9.181827 2460
9.183907 2461
9.185987 2462
9.188067 2463
9.190147 2464
9.192227 2465
9.194307 2466
9.196387 2467
9.198467 2468
9.200547 2469
9.202627 2470
9.204707 2471
9.206787 2472
9.208867 2473
9.210947 2474
9.213027 2475
9.215107 2476
9.217187 2477
9.219267 2478
9.221347 2479
9.223427 2480
9.225507 2481
9.227587 2482
9.229667 2483
9.231747 2484
9.233827 2485
9.235907 2486
9.237987 2487
9.240067 2488
9.242147 2489
9.244227 2490
9.246307 2491
9.248387 2492
9.250467 2493
9.252547 2494
9.254627 2495
9.256707 2496
9.258787 2497
9.260867 2498
9.262947 2499
9.265027 2500
9.267107 2501
9.269187 2502
9.271267 2503
9.273347 2504
9.275427 2505
9.277507 2506
9.279587 2507
9.281667 2508
9.283747 2509
9.285827 2510
9.287907 2511
9.289987 2512
9.292067 2513
9.294147 2514
9.296227 2515
9.298307 2516
9.300387 2517
9.302467 2518
9.304547 2519
9.306627 2520
9.308707 2521
9.310787 2522
9.312867 2523
9.314947 2524
9.317027 2525
9.319107 2526
9.321187 2527
9.323267 2528
9.325347 2529
9.327427 2530
9.329507 2531
9.331587 2532
9.333667 2533
9.335747 2534
9.337827 2535
9.339907 2536
9.341987 2537
9.344067 2538
9.346147 2539
9.348227 2540
9.350307 2541
9.352387 2542
9.354467 2543
9.356547 2544
9.358627 2545
9.360707 2546
9.362787 2547
9.364867 2548
9.366947 2549
9.369027 2550
9.371107 2551
9.373187 2552
9.375267 2553
9.377347 2554
9.379427 2555
9.381507 2556
9.383587 2557
9.385667 2558
9.387747 2559
9.389827 2560
9.391907 2561
9.393987 2562
9.396067 2563
9.398147 2564
9.400227 2565
9.402307 2566
9.404387 2567
9.406467 2568
9.408547 2569
9.410627 2570
9.412707 2571
9.414787 2572
9.416867 2573
9.418947 2574
9.421027 2575
9.423107 2576
9.425187 2577
9.427267 2578
9.429347 2579
9.431427 2580
9.433507 2581
9.435587 2582
9.437667 2583
9.439747 2584
9.441827 2585
9.443907 2586
9.445987 2587
9.448067 2588
9.450147 2589
9.452227 2590
9.454307 2591
9.456387 2592
9.458467 2593
9.460547 2594
9.462627 2595
9.464707 2596
9.466787 2597
9.468867 2598
9.470947 2599
9.473027 2600
9.475107 2601
9.477187 2602
9.479267 2603
9.481347 2604
9.483427 2605
9.485507 2606
9.487587 2607
9.489667 2608
9.491747 2609
9.493827 2610
9.495907 2611
9.497987 2612
9.500067 2613
9.502147 2614
9.504227 2615
9.506307 2616
9.508387 2617
9.510467 2618
9.512547 2619
9.514627 2620
9.516707 2621
9.518787 2622
9.520867 2623
9.522947 2624
9.525027 2625
9.527107 2626
9.529187 2627
9.531267 2628
9.533347 2629
9.535427 2630
9.537507 2631
9.539587 2632
9.541667 2633
9.543747 2634
9.545827 2635
9.547907 2636
9.549987 2637
9.552067 2638
9.554147 2639
9.556227 2640
9.558307 2641
9.560387 2642
9.562467 2643
9.564547 2644
9.566627 2645
9.568707 2646
9.570787 2647
9.572867 2648
9.574947 2649
9.577027 2650
9.579107 2651
9.581187 2652
9.583267 2653
9.585347 2654
9.587427 2655
9.589507 2656
9.591587 2657
9.593667 2658
9.595747 2659
9.597827 2660
9.599907 2661
9.601987 2662
9.604067 2663
9.606147 2664
9.608227 2665
9.610307 2666
9.612387 2667
9.614467 2668
9.616547 2669
9.618627 2670
9.620707 2671
9.622787 2672
9.624867 2673
9.626947 2674
9.629027 2675
9.631107 2676
9.633187 2677
9.635267 2678
9.637347 2679
9.639427 2680
9.641507 2681
9.643587 2682
9.645667 2683
9.647747 2684
9.649827 2685
9.651907 2686
9.653987 2687
9.656067 2688
9.658147 2689
9.660227 2690
9.662307 2691
9.664387 2692
9.666467 2693
9.668547 2694
9.670627 2695
9.672707 2696
9.674787 2697
9.676867 2698
9.678947 2699
9.681027 2700
9.683107 2701
9.685187 2702
9.687267 2703
9.689347 2704
9.691427 2705
9.693507 2706
9.695587 2707
9.697667 2708
9.699747 2709
9.701827 2710
9.703907 2711
9.705987 2712
9.708067 2713
9.710147 2714
9.712227 2715
9.714307 2716
9.716387 2717
9.718467 2718
9.720547 2719
9.722627 2720
9.724707 2721
9.726787 2722
9.728867 2723
9.730947 2724
9.733027 2725
9.735107 2726
9.737187 2727
9.739267 2728
9.741347 2729
9.743427 2730
9.745507 2731
9.747587 2732
9.749667 2733
9.751747 2734
9.753827 2735
9.755907 2736
9.757987 2737
9.760067 2738
9.762147 2739
9.764227 2740
9.766307 2741
9.768387 2742
9.770467 2743
9.772547 2744
9.774627 2745
9.776707 2746
9.778787 2747
9.780867 2748
9.782947 2749
9.785027 2750
9.787107 2751
9.789187 2752
9.791267 2753
9.793347 2754
9.795427 2755
9.797507 2756
9.799587 2757
9.801667 2758
9.803747 2759
9.805827 2760
9.807907 2761
9.809987 2762
9.812067 2763
9.814147 2764
9.816227 2765
9.818307 2766
9.820387 2767
9.822467 2768
9.824547 2769
9.826627 2770
9.828707 2771
9.830787 2772
9.832867 2773
9.834947 2774
9.837027 2775
9.839107 2776
9.841187 2777
9.843267 2778
9.845347 2779
9.847427 2780
9.849507 2781
9.851587 2782
9.853667 2783
9.855747 2784
9.857827 2785
9.859907 2786
9.861987 2787
9.864067 2788
9.866147 2789
9.868227 2790
9.870307 2791
9.872387 2792
9.874467 2793
9.876547 2794
9.878627 2795
9.880707 2796
9.882787 2797
9.884867 2798
9.886947 2799
9.889027 2800
9.891107 2801
9.893187 2802
9.895267 2803
9.897347 2804
9.899427 2805
9.901507 2806
9.903587 2807
9.905667 2808
9.907747 2809
9.909827 2810
9.911907 2811
9.913987 2812
9.916067 2813
9.918147 2814
9.920227 2815
9.922307 2816
9.924387 2817
9.926467 2818
9.928547 2819
